0, 0.15967990181867697, 0.15967990181867697
1, 0.8890561968556951, 0.8890561968556951
2, 1.4298744053921515, 1.4298744053921515
3, 0.286320386667841, 0.286320386667841
4, 0.8766959028998609, 0.8766959028998609
5, 0.9661534100845339, 0.9661534100845339
6, 0.7447492074221684, 0.7447492074221684
7, 0.6456165037060413, 0.6456165037060413
8, 0.003989649014847219, 0.003989649014847219
9, 1.6262054292690142, 1.6262054292690142
10, 1.36540929801735, 1.36540929801735
11, 1.0962415423750322, 1.0962415423750322
12, 0.5392926145500483, 0.5392926145500483
13, 1.479706238530948, 1.479706238530948
14, 0.8326316838667427, 0.8326316838667427
15, 1.9578649036886333, 1.9578649036886333
16, 0.7390963897428249, 0.7390963897428249
17, 1.9539507002448453, 1.9539507002448453
18, 1.7291775137159737, 1.7291775137159737
19, 1.7180072499471264, 1.7180072499471264
20, 0.9919311070956576, 0.9919311070956576
21, 0.09459085918598675, 0.09459085918598675
22, 1.5035172875279932, 1.5035172875279932
23, 0.04365756723787162, 0.04365756723787162
24, 0.35714129316106646, 0.35714129316106646
25, 1.5690665811355993, 1.5690665811355993
26, 1.7362536815531955, 1.7362536815531955
27, 1.8286651969389986, 1.8286651969389986
28, 0.6905337305002988, 0.6905337305002988
29, 1.6200823916381637, 1.6200823916381637
30, 0.848064297312263, 0.848064297312263
31, 1.6277716792761319, 1.6277716792761319
32, 1.7521167464457754, 1.7521167464457754
33, 1.1407449400105505, 1.1407449400105505
34, 1.7698360476889723, 1.7698360476889723
35, 1.1567329649640972, 1.1567329649640972
36, 1.0661376082658738, 1.0661376082658738
37, 1.0197065230748228, 1.0197065230748228
38, 1.4908936816761598, 1.4908936816761598
39, 0.3580594682164606, 0.3580594682164606
40, 1.224192241096741, 1.224192241096741
41, 0.28383875223664035, 0.28383875223664035
42, 1.7317544221307732, 1.7317544221307732
43, 1.079659303074702, 1.079659303074702
44, 0.14026424122799286, 0.14026424122799286
45, 1.9736801357768943, 1.9736801357768943
46, 1.8642567346770842, 1.8642567346770842
47, 0.4473827241374133, 0.4473827241374133
48, 0.75521532625128, 0.75521532625128
49, 1.573341374129116, 1.573341374129116
50, 1.7955997138516404, 1.7955997138516404
51, 1.1437639237313286, 1.1437639237313286
52, 1.8228252785609709, 1.8228252785609709
53, 0.35013180711922276, 0.35013180711922276
54, 0.22490062841466418, 0.22490062841466418
55, 1.1353044944403254, 1.1353044944403254
56, 0.6555541767748887, 0.6555541767748887
57, 0.6685879277506062, 0.6685879277506062
58, 0.0472144828773744, 0.0472144828773744
59, 1.1821287194828063, 1.1821287194828063
60, 0.0385118228373158, 0.0385118228373158
61, 0.7260504529954042, 0.7260504529954042
62, 0.3753309119606787, 0.3753309119606787
63, 0.7145316794702858, 0.7145316794702858
64, 0.42953985296326236, 0.42953985296326236
65, 0.7159254230611467, 0.7159254230611467
66, 1.4772830295334294, 1.4772830295334294
67, 0.28514809377257944, 0.28514809377257944
68, 0.258524160012247, 0.258524160012247
69, 1.4616889569382379, 1.4616889569382379
70, 1.455144367895311, 1.455144367895311
71, 1.1851031372097152, 1.1851031372097152
72, 1.990528965303837, 1.990528965303837
73, 0.3633273160099788, 0.3633273160099788
74, 0.5601060044939166, 0.5601060044939166
75, 0.06436946753563788, 0.06436946753563788
76, 0.4891291611644011, 0.4891291611644011
77, 1.4756418759523706, 1.4756418759523706
78, 0.824347454212391, 0.824347454212391
79, 0.9774873246604838, 0.9774873246604838
80, 1.4197213900169003, 1.4197213900169003
81, 0.9727116787021641, 0.9727116787021641
82, 0.28804669782686854, 0.28804669782686854
83, 1.0785568055357855, 1.0785568055357855
84, 0.8776602688263473, 0.8776602688263473
85, 1.6851280935685267, 1.6851280935685267
86, 0.3162945161121331, 0.3162945161121331
87, 1.7107995753228544, 1.7107995753228544
88, 0.3481162807556011, 0.3481162807556011
89, 1.5557256265809074, 1.5557256265809074
90, 0.08507335564179241, 0.08507335564179241
91, 1.9680555844112233, 1.9680555844112233
92, 1.5412759891866377, 1.5412759891866377
93, 0.617173810793068, 0.617173810793068
94, 1.2280944710363757, 1.2280944710363757
95, 0.008604462309823813, 0.008604462309823813
96, 1.5983845834896213, 1.5983845834896213
97, 1.1965798556386746, 1.1965798556386746
98, 0.02940902982582716, 0.02940902982582716
99, 0.5181245418651053, 0.5181245418651053
100, 0.25485268404719763, 0.25485268404719763
101, 1.5662222095644005, 1.5662222095644005
102, 1.1990282973829636, 1.1990282973829636
103, 1.7637770777930395, 1.7637770777930395
104, 1.77159008509711, 1.77159008509711
105, 1.0508295492255053, 1.0508295492255053
106, 0.7295661454155087, 0.7295661454155087
107, 0.3047294543062218, 0.3047294543062218
108, 0.046901498940956854, 0.046901498940956854
109, 0.19490009034593903, 0.19490009034593903
110, 0.23932648536937817, 0.23932648536937817
111, 0.912167495496512, 0.912167495496512
112, 0.6491867144334647, 0.6491867144334647
113, 0.35008564202936276, 0.35008564202936276
114, 1.612454268155448, 1.612454268155448
115, 0.26941612447762564, 0.26941612447762564
116, 1.2066074104627411, 1.2066074104627411
117, 0.14152003118632606, 0.14152003118632606
118, 0.23455386091749686, 0.23455386091749686
119, 1.311595811608552, 1.311595811608552
120, 1.4826409692335623, 1.4826409692335623
121, 1.93263688414151, 1.93263688414151
122, 0.89724090242811, 0.89724090242811
123, 0.30000991973706603, 0.30000991973706603
124, 0.2359375303759963, 0.2359375303759963
125, 1.0205578587866964, 1.0205578587866964
126, 1.1606625700773137, 1.1606625700773137
127, 0.6474934322789929, 0.6474934322789929
128, 1.1735630666189087, 1.1735630666189087
129, 1.380165854838849, 1.380165854838849
130, 1.0172337035380241, 1.0172337035380241
131, 1.7703534921409128, 1.7703534921409128
132, 0.7480813991370356, 0.7480813991370356
133, 1.8307328274271197, 1.8307328274271197
134, 1.2421466786572561, 1.2421466786572561
135, 0.41614019418645176, 0.41614019418645176
136, 1.0189366625363538, 1.0189366625363538
137, 0.95942767064245, 0.95942767064245
138, 0.26536331721854256, 0.26536331721854256
139, 1.5780692734078663, 1.5780692734078663
140, 0.6490057242984546, 0.6490057242984546
141, 1.2514911499750454, 1.2514911499750454
142, 0.6441208912273702, 0.6441208912273702
143, 0.9450561969960882, 0.9450561969960882
144, 0.3120759465708507, 0.3120759465708507
145, 1.514797019076309, 1.514797019076309
146, 1.2598813098102062, 1.2598813098102062
147, 0.4945127813066241, 0.4945127813066241
148, 0.6379893537869366, 0.6379893537869366
149, 0.05383664996356252, 0.05383664996356252
150, 1.2597809565527125, 1.2597809565527125
151, 1.848271077761715, 1.848271077761715
152, 0.14420510620990834, 0.14420510620990834
153, 1.1723169796423742, 1.1723169796423742
154, 1.194710288798654, 1.194710288798654
155, 0.005529294632306003, 0.005529294632306003
156, 0.543505790299629, 0.543505790299629
157, 1.5840992138021457, 1.5840992138021457
158, 0.447319171176775, 0.447319171176775
159, 0.23713840290579435, 0.23713840290579435
160, 1.7592476321641715, 1.7592476321641715
161, 1.8399625389471745, 1.8399625389471745
162, 1.7494798039272816, 1.7494798039272816
163, 0.19161206793001306, 0.19161206793001306
164, 1.1025719386033779, 1.1025719386033779
165, 1.2770212208949843, 1.2770212208949843
166, 1.7278671944098434, 1.7278671944098434
167, 0.9375921685018089, 0.9375921685018089
168, 0.5973235047907026, 0.5973235047907026
169, 1.629789394462261, 1.629789394462261
170, 0.9945733786377309, 0.9945733786377309
171, 1.3685481493331395, 1.3685481493331395
172, 0.05194936500716851, 0.05194936500716851
173, 1.0379043448927898, 1.0379043448927898
174, 1.1094261176719815, 1.1094261176719815
175, 1.2105127799860351, 1.2105127799860351
176, 1.0236151084452896, 1.0236151084452896
177, 0.7180942497779204, 0.7180942497779204
178, 1.7797443075117618, 1.7797443075117618
179, 0.7304454149579027, 0.7304454149579027
180, 0.20918389505823298, 0.20918389505823298
181, 1.2156335058874927, 1.2156335058874927
182, 0.5909292120649725, 0.5909292120649725
183, 0.6184215558829322, 0.6184215558829322
184, 1.0706299586662595, 1.0706299586662595
185, 0.8261533513176598, 0.8261533513176598
186, 1.007127232564322, 1.007127232564322
187, 0.834027651752163, 0.834027651752163
188, 1.7329569401769953, 1.7329569401769953
189, 1.3329459776174875, 1.3329459776174875
190, 1.892699496494974, 1.892699496494974
191, 1.7136969668179938, 1.7136969668179938
192, 0.7525730757054627, 0.7525730757054627
193, 0.35737045626138775, 0.35737045626138775
194, 1.2832134469715708, 1.2832134469715708
195, 0.2844362427108498, 0.2844362427108498
196, 1.0951752270457982, 1.0951752270457982
197, 1.0115842144611855, 1.0115842144611855
198, 1.3141725668187039, 1.3141725668187039
199, 1.2294214419790797, 1.2294214419790797
200, 1.6167115067511317, 1.6167115067511317
201, 0.3638114919542763, 0.3638114919542763
202, 1.293022580219657, 1.293022580219657
203, 1.266829307723956, 1.266829307723956
204, 1.7713813935391547, 1.7713813935391547
205, 0.1908027496350384, 0.1908027496350384
206, 1.37057788016821, 1.37057788016821
207, 1.2270053741451048, 1.2270053741451048
208, 0.762659554764076, 0.762659554764076
209, 0.6593797155014471, 0.6593797155014471
210, 1.307737723728352, 1.307737723728352
211, 0.12040123829271954, 0.12040123829271954
212, 0.28802887322347703, 0.28802887322347703
213, 1.4406226444835328, 1.4406226444835328
214, 1.7397147136132163, 1.7397147136132163
215, 1.1322918496743228, 1.1322918496743228
216, 1.694080328092842, 1.694080328092842
217, 1.0603016493994721, 1.0603016493994721
218, 0.5226595394394766, 0.5226595394394766
219, 0.5332487173211813, 0.5332487173211813
220, 0.9692290109592987, 0.9692290109592987
221, 1.8220630550157553, 1.8220630550157553
222, 1.4155838159266714, 1.4155838159266714
223, 1.3991744447870025, 1.3991744447870025
224, 1.1221796070137218, 1.1221796070137218
225, 1.9283519578344763, 1.9283519578344763
226, 1.3708061174690898, 1.3708061174690898
227, 1.1853108239119774, 1.1853108239119774
228, 0.007687356272222612, 0.007687356272222612
229, 1.529408157918243, 1.529408157918243
230, 1.821685513215868, 1.821685513215868
231, 0.098809015431367, 0.098809015431367
232, 0.7046961431698815, 0.7046961431698815
233, 1.7352838300999414, 1.7352838300999414
234, 0.5940461879521723, 0.5940461879521723
235, 1.610341813988031, 1.610341813988031
236, 1.8989304369728142, 1.8989304369728142
237, 0.6927979846341183, 0.6927979846341183
238, 1.230291968756028, 1.230291968756028
239, 1.4058990295123184, 1.4058990295123184
240, 1.532566726739355, 1.532566726739355
241, 0.177330190702349, 0.177330190702349
242, 0.3112871838270046, 0.3112871838270046
243, 1.7838299423283503, 1.7838299423283503
244, 1.791738437837348, 1.791738437837348
245, 1.3012723061157048, 1.3012723061157048
246, 0.20508360369073264, 0.20508360369073264
247, 0.8880345110267338, 0.8880345110267338
248, 0.701332511650574, 0.701332511650574
249, 0.40950710722032047, 0.40950710722032047
250, 1.798904424351946, 1.798904424351946
251, 1.8749675866737225, 1.8749675866737225
252, 0.4395525492654193, 0.4395525492654193
253, 0.22655207029468105, 0.22655207029468105
254, 0.8104761263873315, 0.8104761263873315
255, 0.15261742998255223, 0.15261742998255223
256, 1.2436726348749512, 1.2436726348749512
257, 1.0376893121863335, 1.0376893121863335
258, 0.4094113388180123, 0.4094113388180123
259, 1.3447639964330638, 1.3447639964330638
260, 0.009530384112313994, 0.009530384112313994
261, 0.6399471937907311, 0.6399471937907311
262, 0.46392274246067444, 0.46392274246067444
263, 1.0942392346899563, 1.0942392346899563
264, 1.6151990422041362, 1.6151990422041362
265, 0.58985274853894, 0.58985274853894
266, 1.232393392585632, 1.232393392585632
267, 1.043788600885554, 1.043788600885554
268, 0.8998950820810985, 0.8998950820810985
269, 0.6652268253660056, 0.6652268253660056
270, 1.0736621782184428, 1.0736621782184428
271, 1.3487543651650422, 1.3487543651650422
272, 0.8070995528565688, 0.8070995528565688
273, 1.9996512951642262, 1.9996512951642262
274, 1.8704070807502446, 1.8704070807502446
275, 1.922280148678174, 1.922280148678174
276, 0.5819099601152329, 0.5819099601152329
277, 1.9283958018083796, 1.9283958018083796
278, 1.8697849164293994, 1.8697849164293994
279, 1.0430656847703237, 1.0430656847703237
280, 0.296858900404561, 0.296858900404561
281, 1.645885084991713, 1.645885084991713
282, 1.581731440107003, 1.581731440107003
283, 1.1453426453607245, 1.1453426453607245
284, 0.9259380654902547, 0.9259380654902547
285, 0.21675667427906187, 0.21675667427906187
286, 1.6884027767040863, 1.6884027767040863
287, 1.594316855945232, 1.594316855945232
288, 0.5140172490741424, 0.5140172490741424
289, 1.0262291096477443, 1.0262291096477443
290, 1.656501144179394, 1.656501144179394
291, 0.8431330823586636, 0.8431330823586636
292, 0.2211828029153471, 0.2211828029153471
293, 0.5524593983800428, 0.5524593983800428
294, 1.5058887469791702, 1.5058887469791702
295, 1.903191416527566, 1.903191416527566
296, 0.21307459025408382, 0.21307459025408382
297, 1.721429026370842, 1.721429026370842
298, 1.5122233861928924, 1.5122233861928924
299, 1.8841207633702055, 1.8841207633702055
300, 1.783827986169929, 1.783827986169929
301, 0.6068252735968533, 0.6068252735968533
302, 0.3675347029719713, 0.3675347029719713
303, 1.3570283981667697, 1.3570283981667697
304, 0.8017971673530144, 0.8017971673530144
305, 0.998850335660902, 0.998850335660902
306, 0.2376070011398257, 0.2376070011398257
307, 0.75996673932695, 0.75996673932695
308, 1.8806681190267873, 1.8806681190267873
309, 1.2809345263494085, 1.2809345263494085
310, 1.2133519511600956, 1.2133519511600956
311, 0.6381503449821169, 0.6381503449821169
312, 1.170420378299077, 1.170420378299077
313, 0.09853194093543638, 0.09853194093543638
314, 0.7397516777330932, 0.7397516777330932
315, 0.7212886650019841, 0.7212886650019841
316, 0.2759732961214576, 0.2759732961214576
317, 1.6477933024340337, 1.6477933024340337
318, 1.5832492279477155, 1.5832492279477155
319, 1.23938443987236, 1.23938443987236
320, 0.3242688498843409, 0.3242688498843409
321, 1.1323116829107842, 1.1323116829107842
322, 1.6573536814896601, 1.6573536814896601
323, 0.002772191835756166, 0.002772191835756166
324, 1.0723081802411791, 1.0723081802411791
325, 1.6747499010223192, 1.6747499010223192
326, 1.8721528415630224, 1.8721528415630224
327, 0.13465637645426498, 0.13465637645426498
328, 0.8575978089382892, 0.8575978089382892
329, 1.0834056959138676, 1.0834056959138676
330, 1.4442709973667658, 1.4442709973667658
331, 1.246848948693617, 1.246848948693617
332, 1.6744775832686245, 1.6744775832686245
333, 0.1160392233703944, 0.1160392233703944
334, 1.708592939936466, 1.708592939936466
335, 1.2439713152750564, 1.2439713152750564
336, 1.3015137121681835, 1.3015137121681835
337, 0.574682504945883, 0.574682504945883
338, 1.2184894434831852, 1.2184894434831852
339, 1.5819309157950059, 1.5819309157950059
340, 1.7635105884582445, 1.7635105884582445
341, 0.3679697788623195, 0.3679697788623195
342, 0.2885438357873702, 0.2885438357873702
343, 0.18948300885238778, 0.18948300885238778
344, 1.3819510337593284, 1.3819510337593284
345, 0.2132697880887502, 0.2132697880887502
346, 1.1277079059732362, 1.1277079059732362
347, 0.17529598893742881, 0.17529598893742881
348, 1.290744467509659, 1.290744467509659
349, 0.02447783839589479, 0.02447783839589479
350, 1.3380514755446542, 1.3380514755446542
351, 0.42652130813062605, 0.42652130813062605
352, 0.2893831020434219, 0.2893831020434219
353, 1.85750618717324, 1.85750618717324
354, 1.3899455733308266, 1.3899455733308266
355, 1.7690836704884736, 1.7690836704884736
356, 0.43357072636990845, 0.43357072636990845
357, 1.7466052832155818, 1.7466052832155818
358, 0.2718984519323939, 0.2718984519323939
359, 0.04625404439758429, 0.04625404439758429
360, 1.1557358550998287, 1.1557358550998287
361, 1.1447754142530315, 1.1447754142530315
362, 0.9970605713057419, 0.9970605713057419
363, 1.3835550361758662, 1.3835550361758662
364, 0.659486524586294, 0.659486524586294
365, 0.3789023329901573, 0.3789023329901573
366, 0.8588628102555276, 0.8588628102555276
367, 0.3361231263546247, 0.3361231263546247
368, 0.9846440363622779, 0.9846440363622779
369, 1.7928356217528263, 1.7928356217528263
370, 1.1246599590339297, 1.1246599590339297
371, 0.38668802670575975, 0.38668802670575975
372, 1.4357253810438007, 1.4357253810438007
373, 1.6649044199431806, 1.6649044199431806
374, 1.1199351266025077, 1.1199351266025077
375, 0.8668399542317899, 0.8668399542317899
376, 0.7865830276194112, 0.7865830276194112
377, 1.3913116000950054, 1.3913116000950054
378, 1.5360823396557777, 1.5360823396557777
379, 0.3552824993284427, 0.3552824993284427
380, 1.6577822563985531, 1.6577822563985531
381, 1.1774182563568532, 1.1774182563568532
382, 0.7091120476935131, 0.7091120476935131
383, 1.344774114900962, 1.344774114900962
384, 1.041552789072638, 1.041552789072638
385, 0.7130786436278402, 0.7130786436278402
386, 1.3180879405231007, 1.3180879405231007
387, 0.9493247076214058, 0.9493247076214058
388, 1.8672489917980035, 1.8672489917980035
389, 1.5060352915762265, 1.5060352915762265
390, 1.4309693233457002, 1.4309693233457002
391, 1.2404821334971283, 1.2404821334971283
392, 1.7326554123591122, 1.7326554123591122
393, 1.1193204794179288, 1.1193204794179288
394, 0.6393258089825256, 0.6393258089825256
395, 1.769113692011618, 1.769113692011618
396, 0.1034749819651899, 0.1034749819651899
397, 0.6303055998896194, 0.6303055998896194
398, 0.624074898745081, 0.624074898745081
399, 1.2149087870214155, 1.2149087870214155
400, 1.1783418980578597, 1.1783418980578597
401, 0.4260016541082181, 0.4260016541082181
402, 1.4466451977187247, 1.4466451977187247
403, 0.45130971034832035, 0.45130971034832035
404, 0.9519628444293418, 0.9519628444293418
405, 0.059606822416830685, 0.059606822416830685
406, 1.3464968090434744, 1.3464968090434744
407, 0.24073267613222482, 0.24073267613222482
408, 1.86720985297289, 1.86720985297289
409, 1.3906547276290129, 1.3906547276290129
410, 0.21882683896258226, 0.21882683896258226
411, 0.48460469373398096, 0.48460469373398096
412, 0.3336281118918538, 0.3336281118918538
413, 1.643635252636553, 1.643635252636553
414, 1.0011737925223951, 1.0011737925223951
415, 1.1861929308938288, 1.1861929308938288
416, 1.4958452478868018, 1.4958452478868018
417, 0.8118764556443374, 0.8118764556443374
418, 1.9984044843888942, 1.9984044843888942
419, 0.7857243076684521, 0.7857243076684521
420, 0.256849801847403, 0.256849801847403
421, 0.5372190755777291, 0.5372190755777291
422, 1.7434862515087088, 1.7434862515087088
423, 0.6937034213011708, 0.6937034213011708
424, 1.5253179100516112, 1.5253179100516112
425, 0.4058599675653307, 0.4058599675653307
426, 1.4655315707119991, 1.4655315707119991
427, 0.9480427769745101, 0.9480427769745101
428, 0.4999428141383089, 0.4999428141383089
429, 0.9470517855871503, 0.9470517855871503
430, 1.1207913319658114, 1.1207913319658114
431, 1.594004186597546, 1.594004186597546
432, 1.99616144736152, 1.99616144736152
433, 0.6204789396508243, 0.6204789396508243
434, 0.6632394506827501, 0.6632394506827501
435, 1.8701150892492018, 1.8701150892492018
436, 1.577212805695666, 1.577212805695666
437, 0.20284803224240555, 0.20284803224240555
438, 1.6356818364871668, 1.6356818364871668
439, 1.0290828221431065, 1.0290828221431065
440, 0.9075006562868293, 0.9075006562868293
441, 0.931776089489238, 0.931776089489238
442, 0.28123261278455347, 0.28123261278455347
443, 1.2990264741200939, 1.2990264741200939
444, 0.30152199032027216, 0.30152199032027216
445, 1.949831039442914, 1.949831039442914
446, 1.9996834201945624, 1.9996834201945624
447, 0.02730994810491949, 0.02730994810491949
448, 0.5811752298436663, 0.5811752298436663
449, 0.14606154957792006, 0.14606154957792006
450, 0.5562464836588974, 0.5562464836588974
451, 0.041888825654255335, 0.041888825654255335
452, 1.868386779937487, 1.868386779937487
453, 1.03831365733151, 1.03831365733151
454, 0.9050472191727756, 0.9050472191727756
455, 1.6885123513215414, 1.6885123513215414
456, 0.32659109988904866, 0.32659109988904866
457, 1.44392498718705, 1.44392498718705
458, 0.5702877176899435, 0.5702877176899435
459, 0.690533823074537, 0.690533823074537
460, 1.9675022269227012, 1.9675022269227012
461, 0.3631523889704513, 0.3631523889704513
462, 1.052254656393893, 1.052254656393893
463, 0.48470139447178107, 0.48470139447178107
464, 0.1319864479927617, 0.1319864479927617
465, 0.00045221047148369387, 0.00045221047148369387
466, 1.7644812280494104, 1.7644812280494104
467, 0.18856673829470516, 0.18856673829470516
468, 1.3208791098045927, 1.3208791098045927
469, 0.025852937581614777, 0.025852937581614777
470, 1.366965791906376, 1.366965791906376
471, 0.14275864951948325, 0.14275864951948325
472, 0.23064887831546477, 0.23064887831546477
473, 0.37340981198055956, 0.37340981198055956
474, 1.3322425411353025, 1.3322425411353025
475, 0.13043530842101192, 0.13043530842101192
476, 0.8078562586597839, 0.8078562586597839
477, 0.5257629252521236, 0.5257629252521236
478, 1.1767948242575006, 1.1767948242575006
479, 0.4046852191233976, 0.4046852191233976
480, 0.04290006542276714, 0.04290006542276714
481, 0.4686941296578131, 0.4686941296578131
482, 1.7646995748139425, 1.7646995748139425
483, 1.4230450810837865, 1.4230450810837865
484, 1.1955218705526303, 1.1955218705526303
485, 0.21231151595966824, 0.21231151595966824
486, 1.0648405966540189, 1.0648405966540189
487, 0.8718515591848965, 0.8718515591848965
488, 0.43867973503747004, 0.43867973503747004
489, 1.941567819089149, 1.941567819089149
490, 0.9239238815456376, 0.9239238815456376
491, 0.9605613391535279, 0.9605613391535279
492, 0.6523745125453126, 0.6523745125453126
493, 0.19236476492725796, 0.19236476492725796
494, 0.8365034560452456, 0.8365034560452456
495, 0.03678110010936364, 0.03678110010936364
496, 0.297559647040297, 0.297559647040297
497, 0.46361058072539896, 0.46361058072539896
498, 0.42762238999668467, 0.42762238999668467
499, 1.603557478545671, 1.603557478545671
500, 0.2381476426739717, 0.2381476426739717
501, 0.6556830513964478, 0.6556830513964478
502, 1.4779822446052644, 1.4779822446052644
503, 0.47969342875763865, 0.47969342875763865
504, 1.8641203882413484, 1.8641203882413484
505, 0.30352371848603577, 0.30352371848603577
506, 0.14947640072126056, 0.14947640072126056
507, 0.08307051254380204, 0.08307051254380204
508, 0.6079280244573193, 0.6079280244573193
509, 1.4933228442791966, 1.4933228442791966
510, 1.762202930435386, 1.762202930435386
511, 1.7432952333885132, 1.7432952333885132
512, 1.6538266380267632, 1.6538266380267632
513, 0.24753683439421503, 0.24753683439421503
514, 0.5827258204190886, 0.5827258204190886
515, 1.9848656893233947, 1.9848656893233947
516, 0.2154144458902405, 0.2154144458902405
517, 1.8842792863110982, 1.8842792863110982
518, 0.8788870005520353, 0.8788870005520353
519, 0.4397667352155712, 0.4397667352155712
520, 0.8242529001963155, 0.8242529001963155
521, 1.2845688145687977, 1.2845688145687977
522, 0.14234965788682774, 0.14234965788682774
523, 1.6138431671242093, 1.6138431671242093
524, 1.2962525969220915, 1.2962525969220915
525, 1.4174465725406293, 1.4174465725406293
526, 1.1368058052735743, 1.1368058052735743
527, 0.6718521111179305, 0.6718521111179305
528, 0.6123366149516789, 0.6123366149516789
529, 0.21888704450633312, 0.21888704450633312
530, 0.5028306968378378, 0.5028306968378378
531, 1.1525204504276247, 1.1525204504276247
532, 1.9456654479128872, 1.9456654479128872
533, 0.5861417242357407, 0.5861417242357407
534, 1.8763429487951593, 1.8763429487951593
535, 1.3961827649959102, 1.3961827649959102
536, 1.149646428805004, 1.149646428805004
537, 1.0873197550565252, 1.0873197550565252
538, 0.3964682423943322, 0.3964682423943322
539, 0.20287710750164623, 0.20287710750164623
540, 1.5949401539994374, 1.5949401539994374
541, 1.1853542233993597, 1.1853542233993597
542, 1.6187795616910168, 1.6187795616910168
543, 0.5826917752233207, 0.5826917752233207
544, 0.17918609363426374, 0.17918609363426374
545, 0.7363087700815434, 0.7363087700815434
546, 1.9480889870002678, 1.9480889870002678
547, 0.7726960321646497, 0.7726960321646497
548, 0.7914562623975396, 0.7914562623975396
549, 0.06911656819511003, 0.06911656819511003
550, 0.2700751626706053, 0.2700751626706053
551, 1.124476386404129, 1.124476386404129
552, 1.0328672304859898, 1.0328672304859898
553, 0.8227350057410816, 0.8227350057410816
554, 0.41325577709892003, 0.41325577709892003
555, 1.389140877911946, 1.389140877911946
556, 0.0018028262826728092, 0.0018028262826728092
557, 1.9494071544609457, 1.9494071544609457
558, 0.5036686487751836, 0.5036686487751836
559, 1.1165636304477935, 1.1165636304477935
560, 0.7540258397402908, 0.7540258397402908
561, 1.8001617889420092, 1.8001617889420092
562, 0.8240714427861244, 0.8240714427861244
563, 0.9329178609053925, 0.9329178609053925
564, 0.17239518678549315, 0.17239518678549315
565, 0.861565668316435, 0.861565668316435
566, 1.1473883419019857, 1.1473883419019857
567, 0.4977818991818632, 0.4977818991818632
568, 0.8339596168050636, 0.8339596168050636
569, 1.0281121373915643, 1.0281121373915643
570, 1.9645451076961553, 1.9645451076961553
571, 1.1462257313985165, 1.1462257313985165
572, 1.455695700200353, 1.455695700200353
573, 1.101734425782062, 1.101734425782062
574, 0.6931436808572959, 0.6931436808572959
575, 0.7622438628664481, 0.7622438628664481
576, 1.629306513882301, 1.629306513882301
577, 0.24983438303677374, 0.24983438303677374
578, 0.7133116854170738, 0.7133116854170738
579, 0.7231087877448239, 0.7231087877448239
580, 0.39633996091724, 0.39633996091724
581, 1.095861286711896, 1.095861286711896
582, 0.2208339844235021, 0.2208339844235021
583, 0.9267037925763029, 0.9267037925763029
584, 1.352913503978447, 1.352913503978447
585, 1.421628949564058, 1.421628949564058
586, 1.1221190253292646, 1.1221190253292646
587, 1.6264333481481106, 1.6264333481481106
588, 1.586461317000742, 1.586461317000742
589, 0.8540631328269319, 0.8540631328269319
590, 0.633409231310986, 0.633409231310986
591, 0.396848239439606, 0.396848239439606
592, 1.6160421291341054, 1.6160421291341054
593, 1.5261762886162256, 1.5261762886162256
594, 1.4985578263725896, 1.4985578263725896
595, 0.10077290671237571, 0.10077290671237571
596, 1.4914311200286752, 1.4914311200286752
597, 0.12320671023314222, 0.12320671023314222
598, 1.2318338570336478, 1.2318338570336478
599, 1.3822696548380276, 1.3822696548380276
600, 0.5149197836528578, 0.5149197836528578
601, 1.2852056684836966, 1.2852056684836966
602, 0.09079177017442941, 0.09079177017442941
603, 1.8119654356816968, 1.8119654356816968
604, 0.43438841629017966, 0.43438841629017966
605, 1.4856419530268605, 1.4856419530268605
606, 1.6765955247379485, 1.6765955247379485
607, 0.17237433098507426, 0.17237433098507426
608, 0.10326067495839264, 0.10326067495839264
609, 1.3103961185482746, 1.3103961185482746
610, 0.7861678304807289, 0.7861678304807289
611, 0.41678628204626955, 0.41678628204626955
612, 1.0522713481917834, 1.0522713481917834
613, 0.46566044916007665, 0.46566044916007665
614, 0.24192605632944675, 0.24192605632944675
615, 1.4389709334971967, 1.4389709334971967
616, 1.6104854827040733, 1.6104854827040733
617, 0.29672453392585907, 0.29672453392585907
618, 0.1691298471173439, 0.1691298471173439
619, 1.2649581483855408, 1.2649581483855408
620, 0.6570405572669342, 0.6570405572669342
621, 1.9434003344341535, 1.9434003344341535
622, 0.33413435740410224, 0.33413435740410224
623, 0.1769997217643431, 0.1769997217643431
624, 1.7287828805805872, 1.7287828805805872
625, 0.9487524945562307, 0.9487524945562307
626, 1.3021972170338305, 1.3021972170338305
627, 1.297265448927599, 1.297265448927599
628, 1.5438504178554677, 1.5438504178554677
629, 1.7256339057519752, 1.7256339057519752
630, 0.8063928105722242, 0.8063928105722242
631, 1.0020743245866988, 1.0020743245866988
632, 1.6387663736044276, 1.6387663736044276
633, 0.9475257147020333, 0.9475257147020333
634, 0.5108621862340288, 0.5108621862340288
635, 1.54586798736731, 1.54586798736731
636, 1.4485150010184202, 1.4485150010184202
637, 0.26186805043119366, 0.26186805043119366
638, 1.8668261897467502, 1.8668261897467502
639, 0.531454813533143, 0.531454813533143
640, 0.4417268297829515, 0.4417268297829515
641, 1.9703839494276523, 1.9703839494276523
642, 0.37583141096343686, 0.37583141096343686
643, 1.230804198670067, 1.230804198670067
644, 0.29027329262703727, 0.29027329262703727
645, 1.8422082558183819, 1.8422082558183819
646, 0.9002729484363126, 0.9002729484363126
647, 0.6986954723153633, 0.6986954723153633
648, 0.8181549852712209, 0.8181549852712209
649, 0.782997459710087, 0.782997459710087
650, 1.9684908561917138, 1.9684908561917138
651, 0.9099263671277085, 0.9099263671277085
652, 1.4406562486353023, 1.4406562486353023
653, 1.5949941137713062, 1.5949941137713062
654, 1.2458246762705087, 1.2458246762705087
655, 1.2022053556717227, 1.2022053556717227
656, 0.5403703862342966, 0.5403703862342966
657, 0.8943284043349375, 0.8943284043349375
658, 0.7269082381629546, 0.7269082381629546
659, 0.6471409031527424, 0.6471409031527424
660, 0.2682109720013859, 0.2682109720013859
661, 1.4562643200816612, 1.4562643200816612
662, 0.6038107132300088, 0.6038107132300088
663, 1.993503303102731, 1.993503303102731
664, 0.21397418842859084, 0.21397418842859084
665, 0.33631096913294867, 0.33631096913294867
666, 0.04751203347547173, 0.04751203347547173
667, 0.8505701659312879, 0.8505701659312879
668, 0.3314399175792522, 0.3314399175792522
669, 0.3637884984312516, 0.3637884984312516
670, 1.5930259163317624, 1.5930259163317624
671, 0.8851995598649633, 0.8851995598649633
672, 0.8040896855269823, 0.8040896855269823
673, 0.5988635144050054, 0.5988635144050054
674, 1.2720014756810987, 1.2720014756810987
675, 1.8238705052169721, 1.8238705052169721
676, 1.1418183511990876, 1.1418183511990876
677, 1.3273789993340213, 1.3273789993340213
678, 1.255493372692315, 1.255493372692315
679, 0.0028888185012703183, 0.0028888185012703183
680, 0.3986306799137185, 0.3986306799137185
681, 1.65123392514839, 1.65123392514839
682, 1.1985563909264314, 1.1985563909264314
683, 0.7188497112997561, 0.7188497112997561
684, 0.38087259302531695, 0.38087259302531695
685, 1.6794029366688716, 1.6794029366688716
686, 0.6906592143511092, 0.6906592143511092
687, 1.259631232250504, 1.259631232250504
688, 1.550076517729558, 1.550076517729558
689, 1.1167959108078602, 1.1167959108078602
690, 0.4880307929891927, 0.4880307929891927
691, 1.9777551700746976, 1.9777551700746976
692, 1.5755020767734513, 1.5755020767734513
693, 1.3483154768540662, 1.3483154768540662
694, 1.1195637459935681, 1.1195637459935681
695, 1.8993189943312727, 1.8993189943312727
696, 1.0920078679959502, 1.0920078679959502
697, 0.9829853820682874, 0.9829853820682874
698, 0.09863107641412894, 0.09863107641412894
699, 0.7934210343058512, 0.7934210343058512
700, 1.1820415751020126, 1.1820415751020126
701, 0.3031025276615238, 0.3031025276615238
702, 1.709524542068128, 1.709524542068128
703, 1.5668009952224369, 1.5668009952224369
704, 0.4670582174184319, 0.4670582174184319
705, 1.1424197877352882, 1.1424197877352882
706, 1.1904240101194192, 1.1904240101194192
707, 1.8306448612399926, 1.8306448612399926
708, 0.33294376895016775, 0.33294376895016775
709, 1.6549447743149985, 1.6549447743149985
710, 0.22932357445886353, 0.22932357445886353
711, 1.5590761686100825, 1.5590761686100825
712, 1.3964224934268616, 1.3964224934268616
713, 1.713160406787285, 1.713160406787285
714, 1.317604040902779, 1.317604040902779
715, 0.2886004423552726, 0.2886004423552726
716, 1.4227878136792622, 1.4227878136792622
717, 1.6014412030984237, 1.6014412030984237
718, 0.5482876491237156, 0.5482876491237156
719, 0.621688452706858, 0.621688452706858
720, 0.2814362923117295, 0.2814362923117295
721, 1.0597231881377576, 1.0597231881377576
722, 1.7945838966844085, 1.7945838966844085
723, 1.3935580905578155, 1.3935580905578155
724, 0.3938185778000429, 0.3938185778000429
725, 0.12552467209485263, 0.12552467209485263
726, 1.2872873532022382, 1.2872873532022382
727, 0.76150563171553, 0.76150563171553
728, 1.7154762452880328, 1.7154762452880328
729, 1.5979178309440842, 1.5979178309440842
730, 0.9171454282548939, 0.9171454282548939
731, 1.768639799528523, 1.768639799528523
732, 0.9565379464412889, 0.9565379464412889
733, 0.3009829283674277, 0.3009829283674277
734, 1.4025655958771175, 1.4025655958771175
735, 0.8710063337496485, 0.8710063337496485
736, 0.9421843259284413, 0.9421843259284413
737, 0.45654655357980545, 0.45654655357980545
738, 1.6341555696288768, 1.6341555696288768
739, 1.2471480170635914, 1.2471480170635914
740, 0.5840796758795193, 0.5840796758795193
741, 1.2882487585339202, 1.2882487585339202
742, 1.196381219298222, 1.196381219298222
743, 0.5368497357637951, 0.5368497357637951
744, 0.9833772993605423, 0.9833772993605423
745, 1.8831210404203724, 1.8831210404203724
746, 0.9004799614569892, 0.9004799614569892
747, 1.5417370343762717, 1.5417370343762717
748, 1.370093045348628, 1.370093045348628
749, 1.838097323298222, 1.838097323298222
750, 1.4735070894006168, 1.4735070894006168
751, 1.1449302132895645, 1.1449302132895645
752, 0.5697256888733813, 0.5697256888733813
753, 0.9528438295586088, 0.9528438295586088
754, 0.07702137376136031, 0.07702137376136031
755, 1.996449410948991, 1.996449410948991
756, 1.9997635646614214, 1.9997635646614214
757, 1.1026935908346691, 1.1026935908346691
758, 0.12667771748856782, 0.12667771748856782
759, 1.6016757028848188, 1.6016757028848188
760, 1.8021900681705174, 1.8021900681705174
761, 1.634491719082493, 1.634491719082493
762, 0.6754602899508224, 0.6754602899508224
763, 0.37539835065115823, 0.37539835065115823
764, 1.6894341572660172, 1.6894341572660172
765, 1.6461689958098549, 1.6461689958098549
766, 0.3691818211888125, 0.3691818211888125
767, 1.0886137926313872, 1.0886137926313872
768, 0.34185736169898906, 0.34185736169898906
769, 0.24542979181743085, 0.24542979181743085
770, 1.6773837672354388, 1.6773837672354388
771, 1.880106170063772, 1.880106170063772
772, 1.1487562607345967, 1.1487562607345967
773, 0.765332956658874, 0.765332956658874
774, 0.530028811165165, 0.530028811165165
775, 0.9451279996381292, 0.9451279996381292
776, 0.31415695303415436, 0.31415695303415436
777, 0.968926119424945, 0.968926119424945
778, 0.43041694613263926, 0.43041694613263926
779, 0.3587764902131023, 0.3587764902131023
780, 0.5899596723915761, 0.5899596723915761
781, 1.3507253210422157, 1.3507253210422157
782, 0.2884828218912878, 0.2884828218912878
783, 0.881294450639293, 0.881294450639293
784, 0.6273698692590313, 0.6273698692590313
785, 0.27920899506673535, 0.27920899506673535
786, 0.7564653430030204, 0.7564653430030204
787, 1.338525425482414, 1.338525425482414
788, 1.6776775768612786, 1.6776775768612786
789, 1.1810748375343783, 1.1810748375343783
790, 0.5556294024846828, 0.5556294024846828
791, 0.9040003841380919, 0.9040003841380919
792, 0.053388490651270715, 0.053388490651270715
793, 0.27345116398202785, 0.27345116398202785
794, 1.455309204081789, 1.455309204081789
795, 1.8832563054927847, 1.8832563054927847
796, 1.7623439289583918, 1.7623439289583918
797, 0.7018249345767162, 0.7018249345767162
798, 1.4360991916077046, 1.4360991916077046
799, 1.7368346302153252, 1.7368346302153252
800, 0.6256379197392676, 0.6256379197392676
801, 1.6326496417415395, 1.6326496417415395
802, 1.4039007675862247, 1.4039007675862247
803, 0.6282753728797716, 0.6282753728797716
804, 0.2549280781855987, 0.2549280781855987
805, 1.4444987947356047, 1.4444987947356047
806, 1.324584622376584, 1.324584622376584
807, 0.0036699463073650573, 0.0036699463073650573
808, 1.893711496928585, 1.893711496928585
809, 0.1736895647387826, 0.1736895647387826
810, 1.1849224136189571, 1.1849224136189571
811, 1.2112866712211279, 1.2112866712211279
812, 0.9673840940236655, 0.9673840940236655
813, 0.27452420284919543, 0.27452420284919543
814, 1.546322599199625, 1.546322599199625
815, 0.61935583759101, 0.61935583759101
816, 0.31364997088712454, 0.31364997088712454
817, 1.101109031096422, 1.101109031096422
818, 0.26734007107496005, 0.26734007107496005
819, 1.8762977789691742, 1.8762977789691742
820, 0.6804545081727122, 0.6804545081727122
821, 0.9138634654838595, 0.9138634654838595
822, 0.35393744830283147, 0.35393744830283147
823, 1.5358328675391426, 1.5358328675391426
824, 0.09746988948321644, 0.09746988948321644
825, 1.7340569444150884, 1.7340569444150884
826, 0.8843014558479787, 0.8843014558479787
827, 1.922796008854494, 1.922796008854494
828, 0.4939256486088921, 0.4939256486088921
829, 1.9805186856685257, 1.9805186856685257
830, 1.5886334285389374, 1.5886334285389374
831, 0.8939131714686865, 0.8939131714686865
832, 0.28761456096783733, 0.28761456096783733
833, 1.3727425919973404, 1.3727425919973404
834, 0.8183920688847695, 0.8183920688847695
835, 1.7566148546392242, 1.7566148546392242
836, 0.8511238834647543, 0.8511238834647543
837, 0.9381597730407882, 0.9381597730407882
838, 0.03026446419298834, 0.03026446419298834
839, 1.9502689635539205, 1.9502689635539205
840, 1.1507895604499825, 1.1507895604499825
841, 0.07202447503740483, 0.07202447503740483
842, 0.8325980859087028, 0.8325980859087028
843, 1.3297280393271773, 1.3297280393271773
844, 0.3339695961405944, 0.3339695961405944
845, 1.0288325120442645, 1.0288325120442645
846, 0.4973863530508078, 0.4973863530508078
847, 1.8016124971063145, 1.8016124971063145
848, 1.869638691965332, 1.869638691965332
849, 1.1543402004672418, 1.1543402004672418
850, 1.502986276391323, 1.502986276391323
851, 1.349714688472972, 1.349714688472972
852, 0.3809296926355077, 0.3809296926355077
853, 1.1269075116240446, 1.1269075116240446
854, 1.3345632141718626, 1.3345632141718626
855, 1.0455982157368882, 1.0455982157368882
856, 0.022127002021046227, 0.022127002021046227
857, 1.480793538340759, 1.480793538340759
858, 0.23221986069801814, 0.23221986069801814
859, 0.9301812811746559, 0.9301812811746559
860, 1.7003634384255997, 1.7003634384255997
861, 0.6546211342913411, 0.6546211342913411
862, 1.203035344577836, 1.203035344577836
863, 0.23458194772861818, 0.23458194772861818
864, 1.1111066967419523, 1.1111066967419523
865, 1.2042141845950927, 1.2042141845950927
866, 0.07747994096178235, 0.07747994096178235
867, 1.040309748512086, 1.040309748512086
868, 0.5830902161980165, 0.5830902161980165
869, 1.3881991637307616, 1.3881991637307616
870, 0.26381056317737617, 0.26381056317737617
871, 1.3531673122066106, 1.3531673122066106
872, 0.30313843962168185, 0.30313843962168185
873, 1.3374069043071994, 1.3374069043071994
874, 1.1270525688631865, 1.1270525688631865
875, 0.918596202734101, 0.918596202734101
876, 1.1628063004781641, 1.1628063004781641
877, 1.4139753470429097, 1.4139753470429097
878, 1.544682167355616, 1.544682167355616
879, 1.342235480066145, 1.342235480066145
880, 1.1183630242163802, 1.1183630242163802
881, 0.1619918567289702, 0.1619918567289702
882, 1.9419494752198805, 1.9419494752198805
883, 0.36776861362280666, 0.36776861362280666
884, 0.9071924663744, 0.9071924663744
885, 1.6952157587999845, 1.6952157587999845
886, 1.4932300965163352, 1.4932300965163352
887, 0.17968112504919986, 0.17968112504919986
888, 1.236528084611069, 1.236528084611069
889, 1.7275573298858136, 1.7275573298858136
890, 1.0545024968293593, 1.0545024968293593
891, 0.6582845710817395, 0.6582845710817395
892, 0.2866362481832867, 0.2866362481832867
893, 0.347669134793515, 0.347669134793515
894, 1.414990968314648, 1.414990968314648
895, 1.7599711627399477, 1.7599711627399477
896, 0.889571044344069, 0.889571044344069
897, 0.8038772425720213, 0.8038772425720213
898, 1.5604330133778883, 1.5604330133778883
899, 1.0404437423061037, 1.0404437423061037
900, 0.3011458685312782, 0.3011458685312782
901, 1.5527384469691463, 1.5527384469691463
902, 1.300843586959113, 1.300843586959113
903, 0.47587485373903915, 0.47587485373903915
904, 1.3565080048125522, 1.3565080048125522
905, 0.7576807557433265, 0.7576807557433265
906, 1.4149139402081563, 1.4149139402081563
907, 1.436362272235585, 1.436362272235585
908, 1.571658600873767, 1.571658600873767
909, 1.3448386478833292, 1.3448386478833292
910, 1.0233255976576099, 1.0233255976576099
911, 0.09764679402282561, 0.09764679402282561
912, 0.39907983982199835, 0.39907983982199835
913, 1.1135831460043573, 1.1135831460043573
914, 1.0993634713089793, 1.0993634713089793
915, 1.8290358977888934, 1.8290358977888934
916, 0.1360223298546963, 0.1360223298546963
917, 1.522914564708629, 1.522914564708629
918, 0.4773281736492754, 0.4773281736492754
919, 1.213053895450736, 1.213053895450736
920, 0.28532788109603024, 0.28532788109603024
921, 1.4285862606056356, 1.4285862606056356
922, 1.9045366266465342, 1.9045366266465342
923, 1.6259908568917685, 1.6259908568917685
924, 0.04333478467809404, 0.04333478467809404
925, 0.5969300557455897, 0.5969300557455897
926, 1.4493459480238426, 1.4493459480238426
927, 0.5485461900695554, 0.5485461900695554
928, 1.0203915253718185, 1.0203915253718185
929, 0.4960677817876764, 0.4960677817876764
930, 0.4839768227853207, 0.4839768227853207
931, 0.728253509974361, 0.728253509974361
932, 0.49281546169243406, 0.49281546169243406
933, 0.27388611978641575, 0.27388611978641575
934, 1.4143119755104525, 1.4143119755104525
935, 1.2271213252034914, 1.2271213252034914
936, 0.957485899895939, 0.957485899895939
937, 0.17520066683532276, 0.17520066683532276
938, 1.9054584349151018, 1.9054584349151018
939, 0.28131143646475243, 0.28131143646475243
940, 0.8322778392813059, 0.8322778392813059
941, 0.47505109685331326, 0.47505109685331326
942, 0.8615592431007224, 0.8615592431007224
943, 0.5580579355937696, 0.5580579355937696
944, 0.6496079538634216, 0.6496079538634216
945, 1.4412991801784047, 1.4412991801784047
946, 0.22514722242503393, 0.22514722242503393
947, 0.4841873895728348, 0.4841873895728348
948, 1.9859259115441048, 1.9859259115441048
949, 1.2983131162451482, 1.2983131162451482
950, 1.4330455855953097, 1.4330455855953097
951, 0.9226166160620788, 0.9226166160620788
952, 0.177588701391465, 0.177588701391465
953, 0.8904609389593825, 0.8904609389593825
954, 1.5724424124023981, 1.5724424124023981
955, 1.7254379131939093, 1.7254379131939093
956, 1.6650270093270665, 1.6650270093270665
957, 1.5226660237082588, 1.5226660237082588
958, 1.7726553480437528, 1.7726553480437528
959, 1.4439912855378696, 1.4439912855378696
960, 0.5345100982605748, 0.5345100982605748
961, 0.04920955493655499, 0.04920955493655499
962, 1.4076883898549852, 1.4076883898549852
963, 0.6479509182796406, 0.6479509182796406
964, 1.9981037159088109, 1.9981037159088109
965, 0.7451846236350899, 0.7451846236350899
966, 1.6006281520067538, 1.6006281520067538
967, 1.284478647775886, 1.284478647775886
968, 1.5838649063371735, 1.5838649063371735
969, 1.9953272990419433, 1.9953272990419433
970, 0.7675305977597664, 0.7675305977597664
971, 1.9363702414225186, 1.9363702414225186
972, 1.0828267392088153, 1.0828267392088153
973, 0.8527729455194508, 0.8527729455194508
974, 0.530419660636855, 0.530419660636855
975, 1.1777040895093007, 1.1777040895093007
976, 1.193318128922525, 1.193318128922525
977, 1.3595758092173489, 1.3595758092173489
978, 0.2690477750383784, 0.2690477750383784
979, 1.7630146156393531, 1.7630146156393531
980, 1.7835105876964323, 1.7835105876964323
981, 1.4436882581706396, 1.4436882581706396
982, 0.6066795865053214, 0.6066795865053214
983, 1.5121720461805541, 1.5121720461805541
984, 1.869387216639241, 1.869387216639241
985, 0.5867565181163008, 0.5867565181163008
986, 0.41936791487576897, 0.41936791487576897
987, 0.15041466301775874, 0.15041466301775874
988, 1.1484446422595296, 1.1484446422595296
989, 1.8842574699950743, 1.8842574699950743
990, 0.5582910397631555, 0.5582910397631555
991, 1.7015999737484324, 1.7015999737484324
992, 0.627256310573421, 0.627256310573421
993, 1.2753381138859932, 1.2753381138859932
994, 1.9727039407539957, 1.9727039407539957
995, 1.4393366756751178, 1.4393366756751178
996, 1.7888690681022381, 1.7888690681022381
997, 0.8419998266680435, 0.8419998266680435
998, 1.3429932349175047, 1.3429932349175047
999, 1.1412973124267378, 1.1412973124267378
