42
 61
176
  7
 62
 23
 37
110
 73
  4
 77
 58
114
168
 97
103
145
144
 40
135
124
 22
 17
125
106
 57
148
129
128
 84
 91
 90
 13
 33
118
177
 38
178
146
 10
 79
  0
 15
141
 29
 64
 76
171
174
159
 41
 54
 27
151
 49
  5
 63
175
 30
170
 83
 55
  8
113
  2
160
147
 52
143
150
153
108
 85
132
161
157
104
136
130
 88
 21
105
 81
 98
156
123
116
 47
 68
134
 71
 32
 26
119
 60
140
 94
158
139
 65
 95
 14
131
 44
 50
102
  3
163
117
  1
179
 34
 48
107
 36
137
127
 19
 75
154
 11
100
 20
 86
173
 46
 12
 66
126
167
 56
 70
 93
 96
109
 24
180
 51
 82
 18
142
112
 67
 39
 53
 28
 72
164
 25
  6
 59
165
101
166
 87
 45
 16
155
138
 31
 35
149
121
162
 92
133
 43
 89
111
120
 69
172
122
 74
169
 99
152
  9
 78
115
 80