0, 0.12380888634594434, 1.3944802356650094
1, 1.3199885466668453, 0.1159052749552949
2, 1.95969739777196, 0.5968050489346486
3, 0.5629631733141862, 0.31361780593052635
4, 1.0871682839716452, 1.3072527411775383
5, 1.9518278180850572, 1.7912886757419895
6, 0.17294066648566475, 0.3915295120897142
7, 1.548834996860941, 1.6745430290468093
8, 0.6541223358461465, 0.43242895434923967
9, 0.16041460070097524, 1.9264557971683958
10, 1.8229833101458923, 1.8955865161581906
11, 0.3476147366529956, 0.85338167485482
12, 1.3392850799159706, 0.5470701907606541
13, 0.9121752989334326, 0.69353908984528
14, 1.260495040961076, 0.3159892744743493
15, 1.2703771660096719, 1.2495476105573764
16, 1.9975534330052862, 0.32419810552012107
17, 1.5214759644102647, 1.3639748546539128
18, 1.6946351905295656, 0.13871729770777153
19, 0.5984886470783208, 0.2787527376913863
20, 0.6133336176870468, 0.6465890641160206
21, 1.822221772595124, 0.1155663324744185
22, 0.30422744096183574, 1.6159119895002958
23, 0.4780686389908029, 0.2648241180893003
24, 1.3297030952727598, 0.39953126726803845
25, 0.344558564719887, 1.302624044991178
26, 0.03366951829790166, 1.6364158468182817
27, 1.225178741357762, 1.8139946809392853
28, 1.6605264787112342, 1.8704262443115778
29, 0.9486178008380328, 1.3092079714227904
30, 0.6437229625021141, 0.7543105593933717
31, 0.31983465940132527, 1.6911918962464965
32, 1.3490149626750403, 1.9691198698423862
33, 1.2504431546578256, 0.37219753210310413
34, 1.7542230540130692, 0.881695706249483
35, 0.19861584388937836, 1.698169853252899
36, 1.8625107068693925, 0.4496092639963407
37, 1.9173552572192627, 0.15822826647899735
38, 0.8923517754041583, 0.04987362036560228
39, 0.5306990916197618, 1.3310115101771054
40, 1.5722687887493527, 1.7860807348000627
41, 1.4288875756813828, 1.544625161549478
42, 1.3946242738668557, 0.2964712313277371
43, 1.3537793736309058, 1.8276949357993397
44, 1.186184975261476, 1.6057944752822777
45, 1.3448109278420464, 1.9850107485420176
46, 1.7227079450745855, 1.1363532176496582
47, 0.6497264400600278, 0.6916353588140771
48, 1.425405601562429, 1.4505254937160565
49, 1.9099434678519218, 0.4952154772802002
50, 1.6158590128143806, 1.592081772302306
51, 0.286251063188099, 0.26199946394273144
52, 0.9414155770415156, 1.473063923555729
53, 1.2005800794109378, 1.1692346228887358
54, 1.8644555777230292, 0.38435186522691867
55, 0.9537121657485297, 1.2083467653435052
56, 0.2962465928165552, 0.7274782452622306
57, 0.8658414698144081, 0.0006037824764053568
58, 0.23521071538856386, 0.29639074592181247
59, 1.0964038467099273, 0.4537453316439428
60, 1.4107360252682255, 1.5631022958096756
61, 1.0426398770477188, 0.8689702921979419
62, 0.9010895951368756, 1.1061919451059619
63, 0.635130656358093, 0.906535095647877
64, 1.058975182571011, 0.5076647169507271
65, 0.3205750530276683, 1.3749483945589578
66, 0.671206910780684, 1.637957199920149
67, 0.7066118920184552, 0.6214420422772968
68, 1.9917983920509346, 0.18687332279807678
69, 1.638485018493705, 0.7911390571029311
70, 1.2761558598680467, 0.6003087050025993
71, 1.1363608726166414, 0.7834053697612193
72, 1.1712041088091898, 1.3835002821111868
73, 0.6067959254290138, 0.9683224349606114
74, 0.02486619956720948, 0.054322765188522526
75, 1.7680478066782184, 1.7196583499488232
76, 1.8464626102834567, 0.5227084868326526
77, 1.6837608828741335, 1.7223619793266463
78, 1.8657206055931133, 1.0975888208287508
79, 1.5712017462708807, 0.8825803653227537
80, 1.3032947193546678, 0.6931128135932498
81, 0.07384279962791451, 0.34884080590516864
82, 0.5462522677382295, 1.841645011454245
83, 1.5556349880251406, 1.8909258287386637
84, 1.518345892852089, 0.8481368767436066
85, 1.4446762113455667, 1.4898181239968857
86, 1.4545931110178645, 0.2353726602739039
87, 0.9635834349793697, 1.6117381476580521
88, 0.7300182467880263, 0.18877158576290332
89, 0.48437269980722064, 0.9348936430499686
90, 1.2937134178092022, 0.29948725289444167
91, 0.9532624664679685, 0.862751345092442
92, 0.7549118044771526, 1.560895190909979
93, 0.31396494236871453, 1.8159388930851685
94, 1.7876328844586598, 0.018140921164566448
95, 1.5717175078247319, 1.498538490028146
96, 0.15761400149859472, 1.523175411506352
97, 0.9530125825163058, 0.7392616762906681
98, 1.8074623641572625, 0.10548564566053642
99, 0.5919836565550065, 0.034399448237292685
100, 0.30283515911832226, 0.3609291036546767
101, 0.4465102226449782, 1.9339909956908872
102, 0.9717738140780772, 0.3465673369846909
103, 1.5969678336115014, 0.7731798039643742
104, 0.696241801875618, 0.5766117829371433
105, 0.5346578225118179, 0.49163107658320904
106, 0.31239820187160494, 1.1036668404176493
107, 0.9187797043828987, 0.28026015790777414
108, 0.0517029401414717, 1.4147550606720678
109, 1.1394800214469296, 0.40238679613938544
110, 1.3238198029024366, 0.3422881666490136
111, 1.7129258884772858, 1.7448091304484337
112, 1.1047283661105718, 1.6841646374801418
113, 0.3408903829411791, 1.386902205173867
114, 0.3704952292784012, 1.1609988637371933
115, 1.7282655816060037, 0.19511420789823952
116, 0.8908595738352825, 0.8479263571575157
117, 1.2044095817450735, 1.1896060858157367
118, 1.592490345214578, 0.04604874880165921
119, 1.121392442537896, 0.6523573009744348
120, 0.7640203393371889, 0.948470278191416
121, 0.9301480117938916, 0.6842142095703088
122, 0.019360891505046274, 0.35297714769765576
123, 0.28877238584649856, 1.519009097573999
124, 0.6355471765695688, 0.9567078223640013
125, 0.014162384953237739, 0.6699551114715536
126, 0.38724395438068604, 0.33454762638532465
127, 0.99749658202072, 1.6214054512979654
128, 0.13765320170940853, 0.2520914521241808
129, 0.7249045266861964, 0.8049833342837645
130, 0.9171822204516049, 0.6395006242107388
131, 1.5556475182326674, 1.514868821902072
132, 0.5510581744569956, 0.6203208783210525
133, 1.6975345285502978, 0.8828520979484504
134, 1.141461453123595, 0.25900418466347186
135, 0.9116496658924296, 0.9278653812450437
136, 0.10625277315006731, 1.8961361737534166
137, 0.5767499623188872, 0.008412878955536662
138, 0.4144064784818189, 1.5635523579839672
139, 0.920567425722538, 0.9367021855707054
140, 1.0024465355513685, 1.24727802545047
141, 1.910489362012755, 1.254515299567894
142, 0.5837385939563142, 0.13359344162970554
143, 0.7425620239656578, 1.6887144885287935
144, 1.8952651131664755, 0.6312737925651153
145, 0.9442762236433981, 1.167701645128669
146, 1.7535595868555733, 1.9148471023131128
147, 0.3349864817592396, 0.9484286706443763
148, 0.11621619525281113, 1.9623750164257456
149, 1.76512431784936, 1.3737595193471033
150, 0.6686546780246829, 1.5585849665656624
151, 1.7069162280197037, 1.3306958615980906
152, 1.4661937357835042, 0.5646055518393265
153, 0.849487636719606, 0.5827347141668493
154, 1.0395917296254784, 1.3855790165464397
155, 1.4842879683361134, 0.3363383562509201
156, 0.036652356060079105, 1.7033235769152002
157, 0.6255403706104847, 1.8665545627814308
158, 1.376499661626692, 0.4991672339492872
159, 0.4740712819093891, 1.9739257862189739
160, 1.0593479457027366, 0.783955303921892
161, 0.44294908629570084, 1.11800931456354
162, 1.4444374076902862, 0.04091649031700717
163, 0.9484906764309329, 0.09005397800226045
164, 1.8140005787433375, 0.00141147756990323
165, 1.3912920897603083, 1.5519621449260168
166, 0.8282283034803171, 0.3490125128304049
167, 0.48343392059305623, 1.2205692795292395
168, 1.1896556505307867, 0.225710319973508
169, 1.5745536457686682, 0.5273321801988611
170, 0.6828894368752425, 1.1275044616446563
171, 1.2368697550145662, 0.554249269148908
172, 0.26997155108100745, 0.7373253019054837
173, 1.998394266006439, 1.3917184689875743
174, 1.4642985197121532, 0.12411669943997428
175, 0.8970759087587101, 1.2182316817504149
176, 1.3492215894711612, 1.541813911152331
177, 1.8000020744167635, 0.6423386252058556
178, 0.36670568834253214, 0.7328183078760764
179, 1.5271712881392296, 1.5253950113971049
180, 0.17755286826164407, 1.8363321846944078
181, 1.4428861700610243, 0.8502013097536572
182, 1.1019314443766575, 1.979838519812335
183, 1.582202326721755, 0.6858994664960176
184, 1.8968201916832863, 1.4408319625073571
185, 1.5340140721814879, 1.7585504131571297
186, 1.9775101255319274, 1.6629415984717484
187, 0.13111026247162139, 1.2903140456969606
188, 1.378248505079393, 1.3249638034869853
189, 0.30870004680021434, 1.4589398621407224
190, 0.7397095420349971, 1.0909205042788488
191, 0.28609256026939023, 1.4551884640425001
192, 0.9089706792630396, 0.4964799646967013
193, 0.14177461708330297, 0.6779388305060314
194, 0.9495758188893204, 1.9307926943630753
195, 1.5772549388282837, 0.053966618018838064
196, 1.9024636390510885, 0.6736634622066078
197, 0.18531622260670844, 0.8893205150621397
198, 1.676840070311986, 1.1832424859008146
199, 1.1250344677854724, 1.0380653410174427
200, 1.458544557628959, 0.6637034984770882
201, 0.4714003189896878, 1.2045342359990996
202, 0.9490747263019697, 0.33850967630032125
203, 1.0254783199702346, 0.019619095180299473
204, 1.1446737490448065, 1.1694306222692337
205, 0.6031666052761204, 1.0046586325346634
206, 0.6347837431384551, 0.6051429724660649
207, 0.7072700194860475, 1.38598097202406
208, 0.16165464794299766, 1.0282351221339843
209, 0.2904679232864862, 0.745794275803352
210, 0.2328178792232094, 0.31286565098419095
211, 0.496691309846099, 1.1234812602999156
212, 1.0253748210754574, 1.6082510670488022
213, 1.7731981886202977, 1.3715088595141895
214, 0.18780184630207075, 0.7687765707803664
215, 1.5394373137325876, 0.5895953903641271
216, 1.33249926826776, 0.7283383777794352
217, 1.5321079542330922, 0.6701996812492592
218, 1.783200158933233, 0.1297700452075048
219, 1.2738376297549265, 0.1596322149507492
220, 1.0223273563305393, 0.18341473868976754
221, 1.2574096433958162, 0.3725942436015077
222, 1.5384443322081505, 1.1223334770249143
223, 1.3132085709451313, 1.5246149840108283
224, 0.3062711616459821, 0.8570529522277237
225, 1.784034710643469, 0.15453707742591272
226, 1.8317015876046947, 0.33075647287266063
227, 0.7177047773000693, 0.2430589846758504
228, 0.5871010748639334, 1.3169878434041264
229, 0.1755377894794452, 1.4049586382409944
230, 1.0352010110772427, 0.9798503689005302
231, 1.3607250282782675, 1.2811974957157812
232, 0.14831122631246374, 0.23917914291756337
233, 0.07118090720859249, 1.2422085996324546
234, 1.001937310339993, 1.527834779834617
235, 0.3130869981262254, 0.30221355692518515
236, 0.6499298741013457, 1.6383478894936192
237, 0.986950100854699, 1.4032205701614315
238, 1.5729642541989828, 0.1353153383665835
239, 0.7763018308369123, 1.8708308783193623
240, 1.2501651840163295, 0.1976410814233316
241, 0.3323491223158004, 1.5126649612884489
242, 0.9322769088405516, 0.10382834877826119
243, 1.8057877019255606, 0.48975591977433486
244, 1.7533960227246466, 1.8290077016031008
245, 0.6292394683579106, 1.6242099315220004
246, 1.1921837059490588, 1.1674671744103313
247, 1.6492161929913036, 0.004252926704402693
248, 0.7997893448030142, 0.8497214908825736
249, 1.8479106114766, 1.9985931605865468
250, 0.13710312033409422, 0.8654971068172845
251, 0.0618923187624294, 0.585542914696493
252, 0.23937177487239603, 1.0926744810142421
253, 0.2616363718291532, 1.6252151206199295
254, 0.3682391781046781, 0.398921037413545
255, 1.321337830002479, 1.74774818300115
256, 0.30134784983183405, 0.7472114305652273
257, 0.22667541235732558, 1.9263680573821171
258, 1.9274248050321892, 1.4068408144239812
259, 1.803691686361777, 1.4269834005243214
260, 0.44241812299785144, 0.7582776349133453
261, 0.31825365437623, 1.8994018026344996
262, 1.2976715549065652, 1.0878587794632906
263, 0.1472739729907937, 0.7456266259127711
264, 1.4331004888936771, 0.34611585800498323
265, 0.5452776063134064, 0.25409311696282155
266, 0.8197692979815028, 0.45953985713735057
267, 1.5639589579541813, 1.3814324643922944
268, 0.3372654881612056, 1.5558417574034265
269, 0.7588099644146833, 1.4911397003295104
270, 1.9392267394694516, 1.1138867355593007
271, 0.17977900298492266, 1.1128392914636633
272, 0.4239247099709713, 1.3320110996466876
273, 1.4650070978994238, 1.6090839623468722
274, 0.45783559128907125, 0.34087836086718104
275, 1.8636540800532237, 1.005346637797454
276, 0.24527064717134106, 0.002693691836804346
277, 0.6168517352861502, 1.2031828147651047
278, 0.6561110928076375, 0.45225099412114766
279, 1.7406420225878638, 0.8264628297809158
280, 0.11795675047456289, 0.823690378361789
281, 1.8787382153184422, 0.19415315321698556
282, 1.1295189892987412, 0.34613133904579074
283, 1.511162055239226, 1.9397371007229902
284, 1.2762924628920953, 1.929609524453085
285, 0.8501322693266462, 1.4171292724982447
286, 0.5172168082913053, 1.3836824943118822
287, 1.584119358418791, 1.1464203507526807
288, 1.3913344289126854, 1.4688817863511745
289, 1.74643152162247, 1.9343531218955523
290, 0.7487300087500635, 1.0943381830549632
291, 0.6683875222196123, 0.661375549844385
292, 1.4950507785782121, 0.7501567804404132
293, 0.9172505759055098, 0.7598347601590902
294, 1.2491677403834764, 1.084925071347629
295, 1.1038730105314996, 0.3320441122626754
296, 0.7360371270873722, 1.3637207760592722
297, 0.07869437739581664, 1.972891874308401
298, 0.850319626011389, 1.4879645330395588
299, 0.013817742354260032, 0.9911350947250397
300, 0.10411049506517034, 0.36630798764875516
301, 1.2637465863187107, 1.9181092634219565
302, 1.6936435724632841, 1.4377869265722978
303, 0.3879058998160059, 1.4026280235129986
304, 1.4557645773209569, 0.5384081896735988
305, 0.9036584803544552, 1.021716262571237
306, 0.05501559028601655, 1.2306923252242787
307, 1.6300957762140964, 0.4121975327129779
308, 0.3709570198876586, 1.2318357313349475
309, 0.3983238991740812, 0.9240410888558512
310, 0.39759946293151627, 1.5235532405038066
311, 1.2947691774823702, 0.19621880643342893
312, 0.6940397350035614, 1.2158507540047134
313, 1.5997996479871903, 0.3124222715593523
314, 1.8006307783750963, 0.040186682554953945
315, 0.6494945535961252, 1.2836422370433904
316, 1.0554395350199877, 0.26932479219127026
317, 1.289763371818544, 1.3290286976315382
318, 0.7493972075145843, 0.11614410216408988
319, 0.3930671217117483, 1.4753015098039943
320, 1.127727348196551, 0.6194481648780099
321, 0.6715151930150691, 0.11090812331535371
322, 1.0642256463083908, 1.22896793788175
323, 0.22174961135876736, 1.7844446718146867
324, 0.38245339832477665, 1.2870229561700244
325, 1.8933972687081937, 0.7223325892364647
326, 1.9372863590120677, 1.4988886473726044
327, 1.253786902938561, 0.42322808168666026
328, 0.41877960291033034, 0.5897074719318978
329, 1.4581380647749362, 1.8853757321675506
330, 0.5790859358620393, 0.5184448122040546
331, 1.9129021149518557, 1.006403999200138
332, 1.166685580344967, 0.11142343067398541
333, 0.37159679331044493, 0.3710023019321793
334, 1.69771178609478, 1.80778853912373
335, 1.1785723016572367, 1.3428053886704283
336, 1.0808014604083396, 0.6917128869311076
337, 0.7635170480050066, 1.2462313244511676
338, 1.9510660379700244, 1.7809316447559664
339, 0.29376115407054293, 0.7698925298123247
340, 0.8447320630673056, 0.9926462573743484
341, 0.6943593988971148, 0.5776083306019273
342, 0.2719850588204873, 1.046169433377557
343, 0.47577393685007285, 1.9483669938279735
344, 0.2902504667732342, 0.7273174778244029
345, 0.13217109549210093, 0.19114270055874405
346, 1.758524887332355, 1.8110122780318116
347, 0.8114826840640426, 0.49274960560510683
348, 0.08549828045135266, 0.24532550787051322
349, 1.0209017025741542, 1.5315821522129258
350, 0.5416133330232444, 1.017903233312072
351, 0.5971905280392802, 0.26282789877972146
352, 0.7437074612756882, 0.6951334375104059
353, 0.11031471165086626, 0.12949532746613102
354, 0.19319751640532346, 0.8985695394573154
355, 0.5897402734476456, 0.3944615212781375
356, 1.5783435573043363, 0.3715452810177464
357, 1.755547527420806, 1.7155437778590734
358, 1.0499624628652406, 1.9259221400633337
359, 1.7102646094544667, 0.48929379852531896
360, 1.059141626472501, 0.5414491773629504
361, 1.9372697891668174, 1.6243977549933821
362, 0.4355049444117909, 1.108967021820438
363, 1.164586047047797, 0.9531798822364317
364, 1.9430380725637213, 0.7992381956297505
365, 1.0539759149028392, 0.03249920718554877
366, 0.15998773912647968, 1.6041383702160776
367, 1.5012152951339812, 1.68811893079096
368, 1.3413507154532733, 0.35319864781684784
369, 0.7640967148994389, 1.26125787014921
370, 1.2842698086307671, 1.157864094665597
371, 1.880156735679758, 0.913553822220103
372, 0.6337391356829987, 0.5647175175695931
373, 1.306212920671667, 0.7785218878063875
374, 1.4839226869424893, 0.7116692246009637
375, 0.8012073321758613, 0.6806615302890617
376, 1.5450574958567576, 0.9311042264532512
377, 1.197290246243851, 0.6770540504879352
378, 1.8666548401582614, 1.083938655984548
379, 0.8017819450071311, 0.6012336541805525
380, 1.5859310398672153, 0.14348851824875353
381, 1.506989016120503, 0.8648235846291032
382, 1.3346614232517866, 0.34666278571894615
383, 1.4701790640344226, 1.328934614207857
384, 1.6737591033050057, 1.8791614498904277
385, 0.5211132248086596, 0.22728009719523112
386, 1.6093535857797467, 0.46539850092269686
387, 0.7380566566561941, 0.4543523374812031
388, 1.5591392459725664, 0.17444628959762642
389, 1.298955788495275, 0.5255110836036678
390, 0.40286727953147583, 0.2748607733970252
391, 0.12382711105627053, 0.16159050682967102
392, 0.6297525743363321, 0.2976406181636393
393, 0.4654360814623004, 1.200779481157584
394, 0.3211946841015847, 0.25872157327783696
395, 0.7956284575531016, 1.3625981444889061
396, 0.48589304367880426, 0.3528117262742405
397, 0.47932084699598354, 0.4232909840603596
398, 0.10965589188073177, 1.0279231483680906
399, 1.919203440750311, 0.478811446979563
400, 0.3370303786429014, 1.9248305029327422
401, 0.35545302304987203, 1.8377141012169889
402, 0.29803660261386056, 1.0702095383657562
403, 0.49661836720995756, 1.104755431725654
404, 1.9556764142035081, 0.8420068651809087
405, 1.1454835540901973, 0.16792729172848708
406, 1.5995331022047006, 0.9751421608718327
407, 1.378470851366213, 0.7434842172844465
408, 1.7293256826322425, 0.9967754202012469
409, 1.163622309673981, 0.3636570459440358
410, 0.507484093457089, 1.4568808141644092
411, 0.5783489968450837, 0.8875295413475497
412, 0.6871878334563641, 1.9593266325625727
413, 1.8779184248501446, 1.172562083898108
414, 0.8098042906962757, 1.0316514879241903
415, 0.8674881012676652, 1.615486300971436
416, 0.07156406648914326, 1.2467093906416118
417, 0.8921363719733248, 1.2103063076029537
418, 1.6274043006144063, 0.08836835809961263
419, 0.24043434388814533, 1.1264315100678057
420, 1.165175550619413, 1.0434483784620472
421, 1.5791722723465975, 0.8664014708827328
422, 0.6604966503545138, 1.2200366108233032
423, 1.210677073002791, 0.18588072354152207
424, 1.2430013413243408, 1.614851784763817
425, 1.1017157864118703, 1.3178677379916446
426, 0.14148402485562173, 0.19651602619125041
427, 0.19462726398857177, 0.4969731162530444
428, 1.9244492147860828, 0.9997761095981346
429, 0.5363271633159974, 1.1877926429304835
430, 1.6871637304908988, 1.4698647453724896
431, 0.46481264709351255, 1.8300500204357921
432, 1.566670326746391, 1.4439136465905307
433, 0.5895112135240859, 1.7461726483876914
434, 0.5599540440498667, 1.8237552894317606
435, 0.6819111661203456, 0.05409463795691982
436, 0.933989932882668, 0.9140425360535405
437, 0.16032612869478213, 1.1525076705672797
438, 0.9072982526424651, 0.07382337081183343
439, 0.8348908180760137, 1.5161441904986694
440, 1.5802511103807264, 0.42345026252548523
441, 0.032109200990267706, 0.593363018449673
442, 0.5043907161537307, 1.9543774133873622
443, 0.6665981908734491, 1.4746034560413914
444, 0.5526312505392603, 0.7237617904028608
445, 0.05592274704084077, 1.653936552591246
446, 0.8881786879132574, 1.807235235639766
447, 0.5015062808688171, 0.29673174723603624
448, 0.03199262826768923, 1.7898109292795015
449, 0.5172600577663482, 0.13152429915849195
450, 1.6824005860607731, 0.5587293977398666
451, 1.9459758139879242, 1.7787348856135186
452, 1.687797092324086, 1.8454180108629323
453, 1.268115690381693, 0.6587067830793529
454, 1.8017003216542322, 1.580358407513402
455, 0.18632136828680568, 0.2646913277328049
456, 0.8079963364601401, 0.18473636948164218
457, 1.927705209843484, 0.7416095281726365
458, 0.7471347635913859, 1.285673715127429
459, 0.09197278345414972, 0.7770889360160744
460, 0.27020153745042164, 0.3651983436327011
461, 1.6422898062836453, 0.7186156997517636
462, 0.4301823301884622, 1.445058036131268
463, 0.17179320041981816, 0.2637488557813168
464, 1.539377201384743, 0.5213527373898403
465, 1.0499412685593417, 0.22645901200822993
466, 0.4915622945630824, 0.4049613766882363
467, 0.2962300345796045, 1.0053132109867613
468, 1.7834703303107629, 1.5401088822458635
469, 1.9853378668273152, 0.7177431146795044
470, 1.365999335321102, 1.872821759516331
471, 1.4057784419629142, 0.6631995361765906
472, 0.4778701043426261, 1.895904629944091
473, 1.6658383319144743, 0.01483312140845916
474, 0.6988246330626247, 0.7941626155814432
475, 1.0478403136584071, 0.8210295593344741
476, 1.5768348556202523, 0.49769322928556625
477, 1.6462589819595776, 1.0533361438964903
478, 1.2260147228737819, 1.5505867090404322
479, 0.9170842394821801, 0.04851911471269488
480, 1.3503711373533598, 1.7971935299243236
481, 0.1857390728206365, 1.9754495106969272
482, 1.3887552654344002, 0.026680368495326068
483, 0.7858492781435522, 0.09799495953303716
484, 1.5793084510685433, 1.8409558022284789
485, 0.6044997455674579, 0.46863904900301323
486, 1.9165279221068803, 0.43396115628094534
487, 1.3631352654818663, 0.5085621271782927
488, 1.7756993749788976, 0.8945154251033833
489, 0.7896933314996506, 0.18340370637301118
490, 0.03267143076722223, 0.4590196557053039
491, 0.13209402146376714, 1.5813387808074095
492, 0.7446002461655423, 0.4922422290196755
493, 1.7093750192267567, 0.8647577888162046
494, 0.03840016502340671, 0.8329627371439237
495, 0.1417066035568877, 1.817814580429718
496, 1.6928437271699481, 1.1296128403157186
497, 0.8666228832711256, 0.8414695518947353
498, 1.7447979553628183, 1.3197839967840947
499, 1.181606805896711, 1.0713362642563073
500, 0.5096186909091569, 1.2693180435659355
501, 1.1089244813949288, 1.774939319338792
502, 0.4372974424426881, 1.7994920480619112
503, 0.5036245072055066, 0.7234557540316544
504, 1.1026983535927817, 1.0916141565419035
505, 0.005922414661273079, 0.21557915800268712
506, 0.06926073443217251, 1.039170789432893
507, 1.3358199254465757, 1.2152325168577032
508, 1.9361043373430502, 1.985690692768166
509, 0.9519114572805156, 1.3141609819236322
510, 1.4068474186125959, 0.17618540380790626
511, 0.5942840389445065, 1.9382232124852088
512, 1.0200235905135793, 1.582141301682083
513, 1.626911096361438, 0.7972509205593215
514, 1.075294682961492, 1.7430927835302397
515, 1.0914934720352496, 1.2834205420333646
516, 0.06538130812489906, 0.3375728355006822
517, 0.03376535695172489, 0.1252228276695595
518, 0.1513125103138342, 1.2471781177295227
519, 1.0856298647942704, 0.5090695830201464
520, 0.42489274350558026, 1.3738310333784223
521, 1.5532317214394873, 1.7361741115612117
522, 0.16187036277450884, 0.39585334926421534
523, 1.4139161070139652, 1.990443774679134
524, 1.0422992200532826, 1.4044536067607656
525, 1.5196010074748123, 1.2100602508423899
526, 1.844457829049791, 1.123136103230526
527, 1.5327742049231565, 1.8796018271218355
528, 0.8861478519553312, 0.9505784398717432
529, 1.68724117433029, 0.1972044446573884
530, 0.9258054766207868, 1.2185872752280131
531, 1.074347239761749, 1.5619393136343391
532, 1.2220548092266512, 0.11022149500217382
533, 0.7828176497358219, 1.191147048316496
534, 0.5285466698144299, 1.0061350387643344
535, 0.6493943326789031, 1.7866666957507633
536, 1.7157298512888977, 1.4972975266124229
537, 0.7599658914167304, 1.8844344903675394
538, 0.6877616163354721, 0.1983429962462735
539, 1.8480858393083008, 0.7568118812401818
540, 1.4006044832342337, 0.598893359610414
541, 1.216807104712931, 0.5533867627995865
542, 0.2517652324301598, 1.0454176187678619
543, 1.9859633744080032, 1.776949445678629
544, 1.0851097064990807, 0.8995881705776934
545, 1.1440088122670993, 0.2091070807101818
546, 0.766001570706293, 1.97893312252434
547, 0.7079722598836251, 0.0023999637985276934
548, 1.8861646633516336, 0.019159243927707292
549, 0.5891096957696662, 0.39762930454077594
550, 0.8804271167985016, 0.5601558632649648
551, 1.6454648994755179, 0.0427197703793607
552, 1.754911111973886, 0.6344956351939872
553, 0.5860713475071231, 1.1456303021558
554, 1.0484288978909708, 1.3677393317933504
555, 1.913688198416531, 1.096806984049707
556, 1.8258873507719378, 0.8360656232273389
557, 1.1573441001004494, 0.36732679479251984
558, 1.1392667326277852, 1.1004704203475224
559, 0.7750257826178137, 1.0861420360102412
560, 1.7519929416455424, 0.5257187970381796
561, 1.5101551110838483, 1.9581709248433576
562, 0.603251835282284, 1.7279020219138794
563, 0.5707708080204705, 1.1326751840228095
564, 0.781344380515721, 0.3923985646614885
565, 1.2477985989402363, 0.3318439513318783
566, 1.6935291844949834, 0.8209687924496993
567, 1.322639338059375, 1.518836670462746
568, 0.4506590233840395, 1.7889920718578918
569, 1.096064704638151, 0.4107008272430792
570, 0.8497290203024959, 0.25714086897558075
571, 1.29119769747665, 0.2617897369788291
572, 1.2388276254333785, 0.8582895610655998
573, 0.3678303528831126, 0.42222329277883497
574, 0.5058731086957682, 0.9020649778087018
575, 0.04007544829045351, 1.9683877059001813
576, 1.2537874427810367, 0.23354796307365588
577, 0.9534456397880615, 1.9373647954112463
578, 0.8116200802686266, 1.9319625557063622
579, 1.086124183315259, 1.5914090887845787
580, 1.7258159680509348, 0.22989351462492857
581, 0.729914382685948, 1.2817835647819347
582, 1.077717494152141, 1.913093388673035
583, 0.6013375618747379, 1.1490352716181484
584, 1.0800890911815044, 1.498615128306438
585, 0.5394808330110199, 0.5471532291339676
586, 0.9826357969490145, 0.23717500842672234
587, 0.7775607884585105, 0.7930465572802023
588, 0.859934784381466, 0.06293388866450389
589, 1.2540877213887172, 1.2980843725989835
590, 0.8960028726119023, 0.059554997561489076
591, 1.5275683038809862, 0.35747405665710597
592, 0.2728796909144615, 0.2752610495508463
593, 0.4285378206003654, 0.7106256076685269
594, 0.6658129882004677, 0.5325531080191148
595, 1.0889517508206399, 1.014184436637773
596, 0.2848235296122701, 1.6246878305755859
597, 1.4859446592648349, 1.5143443394338094
598, 1.584796534687279, 0.8295893581473999
599, 1.7310424534353852, 1.3120041908011397
600, 0.6590438318436918, 1.5118785821893486
601, 0.8032205489199054, 1.4599484193136505
602, 1.5495935519967794, 0.6873506657994792
603, 0.5950516232386907, 0.7063346299507411
604, 1.849466448588271, 0.07529165226824341
605, 1.5499500254696637, 1.2422732746060128
606, 1.9116222963169496, 1.1481529594380493
607, 0.010344791157286481, 1.4882109876585903
608, 1.6918221207899726, 1.6198108335590227
609, 1.6273304658120218, 0.4300808452397564
610, 0.31717678033898133, 0.28869731503547613
611, 1.4943103533925814, 1.230997408234062
612, 1.2294462699428899, 0.3832949545328246
613, 1.5709965179545322, 0.4070935300063898
614, 0.7933239588029075, 1.1763867023605066
615, 1.7478225410827257, 1.2069742137596717
616, 0.46389217979961495, 0.10819412370903336
617, 1.4053097262777259, 1.5115358411463962
618, 0.47331741292875806, 1.8820227880453009
619, 1.3914280223563997, 1.584337798874859
620, 1.7202669701434583, 0.21192328072402034
621, 1.7017472753658105, 1.532508764955362
622, 0.743219489915881, 1.8913406941126352
623, 0.09352567284636515, 0.14926854288828562
624, 1.0688837373511273, 1.3949662133762024
625, 0.82813401591568, 0.6377599025515566
626, 1.3834148164834654, 0.15038453081080427
627, 1.3617157837471925, 1.3787807464416024
628, 1.6383634293924276, 0.09218107559117339
629, 0.4739633064967026, 0.07883386463050157
630, 1.8395412260118957, 1.587540607662153
631, 1.7121145827923154, 0.6244785363758854
632, 1.2042194990701738, 0.6426317802095565
633, 0.4121975562316704, 0.5127138694412661
634, 1.2109019303939557, 0.3734026570350426
635, 1.053383449876095, 1.2609363641425206
636, 1.071395629979657, 1.3632305097832875
637, 1.2944826085179284, 1.3547129322154878
638, 0.5356946940467191, 1.5734136828626182
639, 0.6652652694300878, 1.6137014528136653
640, 1.7296613414961297, 0.5071954661092855
641, 0.13879639933365562, 0.00976708614644295
642, 0.6223407820731195, 1.8198845628408766
643, 0.0071890280351765146, 0.5148300242993982
644, 0.5500820937077835, 0.5817505604997941
645, 1.141416430316946, 1.5057338288387796
646, 1.8114231125813078, 0.4266058443135923
647, 0.529044741564731, 0.33949525340817543
648, 0.2784695738724967, 1.4450768335643764
649, 1.4962112607623583, 1.0497790675347616
650, 0.1360905392664371, 1.8784744175276729
651, 1.1808349335933792, 1.9017473547823085
652, 1.5334915686597117, 1.0155766104881803
653, 1.5677653001354326, 0.6550193326147955
654, 1.497399420605762, 0.15453934121288393
655, 1.4724975539669143, 1.9402087990499435
656, 1.7848153832010403, 0.32968218196798493
657, 1.217845647196453, 0.6041621215958752
658, 1.4109362832472576, 0.19746298998741763
659, 1.7362736088590955, 1.961617967004862
660, 1.4408424917846179, 0.8986423409740945
661, 1.0807568503699427, 0.40466374091199464
662, 1.9707036385335166, 1.4448071022492006
663, 1.8313978481401734, 1.1774765663605493
664, 1.6520621984339532, 1.0773899485910599
665, 1.38568833690527, 1.7497787688827136
666, 1.7990892236823692, 1.818509101311405
667, 1.5231680900285651, 0.8167361742185699
668, 1.4541765455523479, 0.3735557956950879
669, 1.5852439917453456, 0.9998708577758573
670, 0.6417872398907924, 1.3465180234504097
671, 1.6585511152979173, 1.9305211502518718
672, 0.5731456517239235, 1.9125181494785723
673, 1.1876273075653476, 0.891540871349978
674, 0.021588441668038305, 0.12091662322811403
675, 1.776402135087903, 0.8585056777129618
676, 0.9024664083580114, 1.113418932938923
677, 1.4659086701377166, 1.7392420827150643
678, 1.9424492672827265, 1.5768628260260775
679, 0.05093511724193478, 1.5206700926886005
680, 0.6224281921869275, 1.9946701565193636
681, 1.4234198029654344, 0.2118989556015598
682, 0.7988046482341589, 0.40570939558295094
683, 0.6731574000397638, 1.6166783910935136
684, 1.677191671298494, 1.7672361136054393
685, 0.05268638664561354, 0.520479552723274
686, 0.4946304138173909, 0.8776989116640013
687, 0.0050506828099847745, 0.29435661670386604
688, 1.1720802088727258, 1.403622568695711
689, 1.973602953579392, 1.8277559945776307
690, 0.11761072173562126, 0.036266963394681495
691, 1.7101917302748597, 1.083830593554754
692, 1.8569715069651684, 0.4767354594263178
693, 1.8740507683362928, 0.5796195473801873
694, 0.686980864187267, 0.3398348217411391
695, 1.6720429229325877, 1.7716632367827703
696, 1.5830808358753745, 1.7500217180072346
697, 0.3363650692781053, 0.15194350244480748
698, 1.4274843345223565, 0.926185693700676
699, 1.5229538579974962, 0.8886629027362023
700, 1.165265451712267, 1.8536435880566884
701, 0.7647080482651607, 0.7878120356388238
702, 0.6848178988981573, 1.2137771069468395
703, 1.220310134786736, 0.16480372816132993
704, 0.8759837547036069, 1.0454949120526311
705, 0.7266511926459929, 1.7111097561904318
706, 0.7580633211096801, 0.9140946514085555
707, 1.9361596136093757, 1.3621905089977702
708, 0.5115470064028131, 0.39172095397030726
709, 0.6161935418137461, 0.010698434750288754
710, 1.2591838973545157, 0.5970094734758655
711, 1.9536877514817155, 0.28987363129591426
712, 1.2941127981616711, 0.9306235935032703
713, 0.30230632132841073, 1.7124324687361163
714, 1.6750887390986364, 1.4098743566673857
715, 0.13381551968056082, 1.0224968028550518
716, 0.6709866620872016, 1.2432428669232418
717, 0.8283880247854747, 1.1758638701149529
718, 0.06702937497281947, 0.09590310201209795
719, 0.14629314191743958, 1.2265901186818295
720, 1.1950047808861775, 0.414819301129258
721, 0.2287774657441206, 1.7973857714116315
722, 1.8122848501108038, 0.26285551926968087
723, 1.30645483530515, 1.249549700169804
724, 1.460463237517418, 1.7088927594710215
725, 0.9094253550538054, 0.5883303975009584
726, 0.4791362680292721, 0.441655233064044
727, 0.8195183009718612, 1.3857426369107348
728, 1.7557610301803752, 1.9748624870134706
729, 0.19876175310423227, 0.7837589953070216
730, 0.9477670231080906, 0.6399670432647264
731, 1.5909849869378307, 1.7503071653216735
732, 1.8868145204891138, 0.9756082719518406
733, 1.1323110523279365, 1.9733480402503032
734, 0.5350266336186587, 1.524898088235921
735, 0.9804207639043765, 1.2547178510574237
736, 0.4474521441517161, 0.4598302469745772
737, 1.4956424704389095, 0.9432705250565911
738, 1.6082238032588532, 1.7317512056310234
739, 0.8468748652338975, 0.2513757303869091
740, 0.7262953680741817, 0.04272548418018518
741, 0.888273461772884, 0.44380093985647817
742, 0.8698562009511972, 0.1632990617699055
743, 0.01154759932878524, 1.9229166964454187
744, 1.0214108618827207, 1.6220794787472386
745, 0.6904407857801449, 0.20943527623623082
746, 0.3166946661205403, 1.876987768484427
747, 0.2678120298814224, 1.890227591760701
748, 0.9203172507496433, 1.5535340123183123
749, 0.3249015890673892, 0.6712294626191067
750, 1.9326630000434093, 1.7176203305623265
751, 0.7326515674538883, 1.8557815018590131
752, 1.3433190531045356, 0.25717642388309137
753, 0.8214010827892018, 1.3778648694894162
754, 0.10458636920421438, 0.5670345354154076
755, 1.029925600321099, 0.1451765272201404
756, 0.27478357050997393, 0.05887169641370593
757, 0.28728173503031407, 0.4275046072059123
758, 0.9493581285670896, 1.5562866698601114
759, 1.9413513622422343, 1.932172778218196
760, 0.572256588630762, 0.12136884117250002
761, 1.442291280455331, 1.0013571187647445
762, 0.051910166538498004, 0.09920547649780098
763, 1.137017259335316, 0.9015514584816802
764, 1.0750468029270543, 1.270308353825166
765, 0.745634660477055, 1.9159283250316397
766, 0.9375415625001875, 1.7772983148431833
767, 0.20470128361669082, 0.20968603323985935
768, 1.852298326929724, 1.9632807209011747
769, 1.1517266143018496, 0.8254129107622639
770, 1.0241878274254543, 0.4612371477845465
771, 1.7337475725547749, 1.216640682738239
772, 0.865991742557755, 1.7134798472098909
773, 0.5461373380475756, 1.7195137054454737
774, 1.049726629407093, 0.017863867425899738
775, 0.36922074167925634, 1.751625914827753
776, 0.7394941816452523, 0.5260727656165267
777, 1.8185924979685142, 0.05568784081785916
778, 0.7747766721349001, 1.269950999257291
779, 1.6180739093288172, 0.7307295705508361
780, 0.8901679945265129, 1.6913692576736423
781, 1.1094358373294375, 1.4569360086108687
782, 0.898355779425972, 1.991704922668489
783, 0.2825228720049071, 1.5901817575465884
784, 0.5358284539662497, 0.2478053121313124
785, 0.7035516734902103, 1.399418565045609
786, 1.9857160089386252, 1.621499042713801
787, 0.45559807576817435, 0.33642895336172063
788, 1.290857275507719, 0.07220326273734656
789, 0.20946420535195198, 0.41409642307336236
790, 0.97101117814742, 1.5031786988763198
791, 0.9232702037235931, 0.15567644482089982
792, 1.3135125746812304, 0.4810871343634451
793, 0.2819757961606033, 1.8238643431945023
794, 1.9113042711137838, 1.0385556205228026
795, 0.3461926178200734, 1.6335268739121995
796, 0.5184347071968634, 0.852343740400987
797, 0.029408953113928105, 0.6372893169632476
798, 1.2244113950072277, 1.8667844165872653
799, 1.7866671923232513, 0.9887102155177803
800, 1.48724691817259, 0.5262342120589814
801, 1.2105252057157427, 1.110156283280118
802, 1.336135820732442, 1.1781404909066326
803, 0.884232241535823, 1.6337420238617237
804, 1.8217280732680179, 1.2966513119890357
805, 1.4592434498809987, 0.22930380099434688
806, 1.583534176001313, 0.600617358672348
807, 0.7779991903861536, 0.16798392920605187
808, 0.5945489498774166, 1.909829589099506
809, 0.4523605143795131, 1.7463863199253757
810, 0.36840519917876025, 1.9974767625451553
811, 1.0483850298490647, 1.6195394502263558
812, 1.6077775543011452, 1.0551816565747285
813, 0.9442560677804146, 1.3983592164980712
814, 0.7677369706502666, 1.274763173561009
815, 1.4775659699406205, 1.252242939418746
816, 0.5679930981887309, 0.09822062420885747
817, 0.26815279997015895, 1.894956044383999
818, 0.4534329460173414, 1.6900417338209925
819, 1.7455539193747502, 0.5103980327675424
820, 0.7936886663236509, 1.0747927095892718
821, 0.3547865746908012, 0.6517161942206582
822, 1.0372882524260951, 1.4356177650374378
823, 0.5394357488941053, 1.2379500401315975
824, 1.6974513599944752, 1.077927319553596
825, 0.08571625386010018, 1.4065617417332945
826, 1.6183318132249738, 0.43022017813772395
827, 0.8450032880583778, 1.2087639564488535
828, 0.2854767239055709, 1.6596673108070967
829, 1.6478017245548346, 1.7970436249085249
830, 0.0429233014202548, 0.795612374570136
831, 1.1073823084294947, 1.677572271676902
832, 1.1770937703305735, 1.711245949013022
833, 0.9935065126740981, 1.8630340548016164
834, 0.5956077237175583, 0.5540959609772809
835, 1.9643802135480737, 1.7326576394599091
836, 1.1297773058780611, 1.0093207135972038
837, 0.4804408683822319, 1.9097797922117217
838, 0.4653540124948965, 1.0069522134533022
839, 0.7281972176357658, 1.2080914166653054
840, 1.038450098380952, 1.7705064041012923
841, 0.9005843633040815, 1.588643566193785
842, 0.1649563310688662, 1.6427892078545192
843, 1.3510630927949931, 0.8781322563767151
844, 0.3387926151432721, 1.9665507041368948
845, 0.7485430185916007, 1.8799103826911792
846, 1.4573227599046337, 0.4062880668138533
847, 0.628830735006835, 0.2674668272932861
848, 1.293489526458763, 1.2584075448993042
849, 1.992708638849228, 1.6443591952828516
850, 0.8473329564747396, 1.0522535622881664
851, 0.20724825706712813, 1.195445229814188
852, 0.02133353588029263, 0.02130532471432378
853, 1.7630908448002065, 1.7917375811014695
854, 1.026000359594785, 0.37196324179678575
855, 0.7225797736314559, 1.610121127692518
856, 1.047496916881958, 0.7052865802029715
857, 1.616805195195794, 0.2579769593257606
858, 0.8008212157194916, 1.0517301425586676
859, 0.4834338552423947, 1.4114369669670062
860, 1.141962184176787, 1.2942106654971945
861, 0.5527719363812147, 0.1874273127762831
862, 1.5350312071674501, 0.10904210546697302
863, 1.1328824811186133, 0.2906977883796775
864, 0.5607152166441558, 0.6258640151797386
865, 0.927638779456003, 0.3690458791169329
866, 0.9943387446725631, 1.384252823780806
867, 0.652957405274859, 1.0355009391702459
868, 1.8913711172161085, 0.2103733149136986
869, 0.13590275816009068, 1.060757710654721
870, 1.275633437033979, 0.30254751524334655
871, 1.3663547337551372, 0.6436635434642446
872, 1.8285374042671136, 1.5098728106370962
873, 1.6623653647160967, 0.47634550415962496
874, 0.1392043745230589, 0.029607857281776395
875, 1.8773804847901088, 1.1734852010285262
876, 1.8450377164719118, 1.9716088565925367
877, 1.7762176342922045, 1.3132272587135916
878, 0.46775679327182185, 0.32822835723616905
879, 0.6175464319216091, 0.7397723196851202
880, 0.6574722624306577, 0.7045983976575731
881, 1.9848021327304954, 1.4224308124570577
882, 1.0257857995682487, 0.19633073798194167
883, 1.00398518906219, 1.833088582139448
884, 1.9443103537264683, 1.2835676184847804
885, 0.6512461787314106, 0.10816278806347013
886, 1.5141794516017493, 0.7504444572005984
887, 1.0571548635887886, 1.3436853786643972
888, 1.977366846417041, 0.35988727149666744
889, 1.314129998699746, 0.6358485568819741
890, 1.4052973279699754, 0.303348318136196
891, 0.5128027477944455, 0.11383363134039315
892, 0.8878827689350546, 0.6760046380533229
893, 1.4960142161360712, 0.9610797890398224
894, 0.9983878431485009, 1.6804158083246683
895, 0.033245450259912435, 1.4050802262524538
896, 0.3361872500245937, 1.7154529256490194
897, 0.2820098556519899, 0.7563027271527134
898, 1.7359719340152138, 0.844601033309931
899, 0.09781312805134479, 0.4422030730174267
900, 1.8886114409801864, 0.8960177845571715
901, 0.04943689068530044, 1.3780991395396334
902, 1.4654879638766773, 0.8321122175662938
903, 0.9609645091880696, 0.5306992993441106
904, 0.23168892238925975, 1.7120675574469597
905, 1.2417365686830324, 1.8906172898217368
906, 1.977213955364211, 1.9720481351699035
907, 0.9967161092835728, 1.8905886700838932
908, 0.6683105068163968, 1.8951532917350689
909, 1.3901579853921167, 1.264512711715058
910, 1.8507325827784447, 0.07970529034752682
911, 0.7128482966572656, 0.19288089681731346
912, 1.0537208918110406, 1.3495397110226015
913, 0.04501842729254846, 1.880214030186068
914, 0.041540808265175144, 0.5442731530399385
915, 1.271570429121094, 0.4402186367708978
916, 0.7059062122935846, 1.8315671089365564
917, 0.9443865644548926, 1.098197291595187
918, 0.1471479963194795, 1.9914282877798262
919, 0.3015039336363696, 0.33665991043403865
920, 1.2789183158133566, 1.8705599720164456
921, 0.17949017580990256, 1.8585672557261594
922, 0.9881719537747027, 1.1701249400938984
923, 1.6075210587567208, 1.48968650661111
924, 1.6846593974869761, 0.15916790885556154
925, 0.7166538572136096, 1.267632454469733
926, 0.8617319263367906, 0.34040925991354043
927, 1.0785713925347549, 0.45748425248076297
928, 1.343673125466647, 0.4605504369442419
929, 0.4409486196695369, 1.9100689661009334
930, 1.778186229002494, 1.4967568718258422
931, 0.09763010162375974, 1.039934866429861
932, 0.024572214992251595, 1.5919476375002795
933, 0.8866487404934191, 0.06359675050329927
934, 0.1943959679979972, 0.8520084977226847
935, 0.076986222197726, 0.4092382653761093
936, 1.8382653586927966, 1.329317990410015
937, 1.5508776982823396, 0.657616505502048
938, 1.965718510485392, 0.9826549374445317
939, 0.856536410490297, 0.6366020008219722
940, 0.30761263381158743, 1.5632478151284182
941, 0.9330568779285542, 1.2014130415506727
942, 0.534589278746121, 0.556706591429305
943, 1.2774626013003094, 1.138299612844855
944, 0.2555932645459771, 1.2133366451299097
945, 0.7583829991611393, 1.3387044050784727
946, 0.15559671864036884, 1.8742688288920777
947, 0.5542393248305513, 1.8957642267464023
948, 1.5077340119965263, 1.6649383698166602
949, 0.6801078239181679, 1.7597406639424653
950, 0.7277672604743246, 1.737278667975812
951, 0.9305255533947028, 1.8472206715066959
952, 1.9664282514914555, 1.1749315720462814
953, 0.8206420169709212, 1.050835548051514
954, 1.6001467409417873, 1.4507249170531236
955, 1.0578393651663482, 1.0406626847148241
956, 0.44302220555373495, 0.25736231314355895
957, 0.09164550478780753, 0.7818297693903942
958, 0.18730932739610706, 0.6789901327929582
959, 0.9974275012562002, 1.7136828635689367
960, 0.36721677180581835, 1.7408222444437986
961, 1.2556194332894006, 1.18624234598769
962, 0.7943338518084124, 1.0186275011158537
963, 1.959854700626444, 1.7657868236275993
964, 1.0582774632440342, 1.4555080519956458
965, 1.4116882696148854, 0.9763235913590156
966, 1.4971517257533948, 0.5703702134243378
967, 0.16031478336966032, 1.0160384541530727
968, 0.05521167377321623, 0.8159629074705277
969, 0.07480627619355218, 1.4223198635311867
970, 1.3263605755620071, 1.382940658517167
971, 1.1211625329184087, 1.0573219889183005
972, 0.5549868575097874, 1.2158293491829069
973, 1.2682339069371078, 0.5840376177845481
974, 0.10762047185887003, 0.8755395785254401
975, 0.4757918965267538, 1.55620865722554
976, 1.5371477205094415, 1.8185660939425974
977, 0.23737188229341144, 0.03779477364488515
978, 0.704899308379006, 1.6577436568853616
979, 1.891545370783239, 1.4369980552870956
980, 1.5273067931429287, 1.864315900549724
981, 1.5468498388225613, 1.0960199416894776
982, 1.3087258051335193, 1.6059840199044209
983, 1.3340058878372407, 0.5806958369768218
984, 0.7284084740684655, 0.611369167516115
985, 0.06878207793058122, 1.819788499436296
986, 1.1713591182323844, 0.731639462895896
987, 1.2734108136233728, 0.7991684335599647
988, 0.657579989240686, 1.4493396523295756
989, 1.3742683045517605, 0.5963844606702013
990, 1.2089620277241226, 1.191567525411522
991, 0.6586050023566852, 0.6238724602607828
992, 0.6961731884416782, 0.21259074742295736
993, 0.824077786974978, 0.2985844390958352
994, 1.8167561956168872, 0.39049594245040153
995, 0.12586263873148118, 0.11693776516960308
996, 0.3728777448675884, 1.4891233797451167
997, 0.18421421004791405, 1.9012192448005445
998, 1.3960409136401215, 0.9057683973719466
999, 1.0458338440116197, 0.9825414410136364
