0, 1.4975840735513735, 1.9796396468855986
1, 1.2838511369366836, 1.265113434896491
2, 1.0552295643875376, 1.2189513559877139
3, 1.8708870080529427, 0.21003669244403667
4, 0.3392988233946561, 1.4263379369019016
5, 1.1772604462188356, 1.0792700656692988
6, 0.2014227959834387, 0.02159956966091503
7, 1.1557391863406787, 1.9353365596135412
8, 1.2292819471527971, 1.8362090010128038
9, 1.9528399428131868, 0.8232519932619122
10, 1.0110516838433041, 1.488408336924714
11, 1.6416961146471625, 0.3165571581265807
12, 0.6688827103706725, 1.4421455468361208
13, 1.983740047024325, 1.8820098759999908
14, 1.3045642415930636, 0.5462079542677387
15, 0.3319948897803622, 0.8796388119503007
16, 0.01675418930164363, 0.9418149226433803
17, 0.3870280007667817, 0.32038275403331795
18, 1.3400722970189571, 1.1720512563753607
19, 1.7344501747635488, 1.0311886995471364
20, 1.2102841850937542, 0.4312432495003704
21, 1.8709585790861436, 1.2234379712161485
22, 0.9595009799579901, 1.5794117378461239
23, 0.2512954420358984, 1.1963800260999284
24, 1.8858414179905478, 1.3688153417353555
25, 0.23523930731183795, 1.4846283756710648
26, 0.8603611308811541, 1.6192672704239184
27, 0.14042816475439857, 0.13656327981300453
28, 0.7257447731464104, 0.8745765994106862
29, 0.8835151333924791, 0.5773185795735791
30, 1.838597996213333, 1.38559422994811
31, 0.33411741456999233, 0.2860508966544053
32, 1.3294875649160858, 0.7213813007537755
33, 0.5170753937275967, 1.6037384149050027
34, 0.21401545088407126, 1.4446819988089559
35, 0.5229206121662899, 0.7783347946881627
36, 1.3586209322563898, 0.09680354823887805
37, 0.9982816638300036, 0.825484001283393
38, 1.2941939071146975, 0.25834168721700035
39, 1.4602795037401184, 1.7491989602016864
40, 0.19335389468898723, 1.1893614720773338
41, 1.977604505801949, 1.222234269556361
42, 1.5333576392688075, 0.3842692709314335
43, 0.6465183135106816, 0.9466104664462134
44, 0.07481566886898072, 0.7954123170189291
45, 0.18122784727410002, 1.3013414481099463
46, 1.7131932089946305, 0.5916670474806907
47, 1.828892904413475, 1.1533108432668653
48, 0.9410179531588168, 0.7334729019670798
49, 1.6062122443832358, 1.8756013718505629
50, 0.12079232129361883, 0.7978644587568058
51, 1.0391042515365279, 0.22105658976570575
52, 1.195240927804898, 0.5608192728061951
53, 1.8748486303504812, 1.7986058798036075
54, 0.7109899279934064, 1.6970651411792228
55, 1.7974102615879644, 1.126021974334409
56, 0.05425732816637141, 0.3057282851709291
57, 1.8018297192465778, 0.353628566834693
58, 0.48769904212065307, 0.7512550851624249
59, 0.6478164781780806, 0.5511518493674441
60, 0.5453895447524193, 1.7892372219968884
61, 0.5031083981675506, 0.5086907347314844
62, 0.5483137589829365, 1.629179293905622
63, 0.778064479836228, 0.6877797074240659
64, 0.42358835063937517, 0.2758534222786049
65, 1.5447193974551805, 0.9514268956898713
66, 0.3708309874544762, 0.11019115256870049
67, 0.05639989259245515, 0.5525077384151267
68, 0.1561832907423104, 0.2472110689674254
69, 0.5772918344366604, 1.6588305840316617
70, 0.9073878678604645, 1.89819810626643
71, 1.7869816149344493, 1.4990393788049172
72, 1.9827952983593768, 1.1820303672010566
73, 1.7482917135995624, 0.6878193257860938
74, 1.6390938982516787, 1.9024273493765493
75, 0.6718911088204351, 0.9948193991851562
76, 1.0181888129267136, 1.3836233451197515
77, 1.9090377491641128, 1.035210070578048
78, 0.4655413039981735, 1.9149493674471851
79, 0.8195875074016501, 0.34623507960051225
80, 0.7687826137096121, 1.386428392871136
81, 0.23426229447314895, 0.35941560603418443
82, 1.884963278934823, 1.6260019933228531
83, 0.4212552904388711, 0.4720892454703858
84, 0.14449956961604782, 0.5618423626254483
85, 1.0017543828640387, 0.1482325223137677
86, 0.8182596735918921, 0.6764978162984894
87, 0.4291759782686553, 1.2698181188408353
88, 0.9649726053838725, 0.3302089754904216
89, 1.5205884505446623, 1.2397318533027282
90, 0.4989405609248787, 0.23575361460009647
91, 1.5520563825558638, 0.7745094216705566
92, 0.5311472991319357, 0.6804577212467013
93, 0.2821846091686837, 0.2787265983505114
94, 1.1114804799857796, 0.5166141420902284
95, 1.3069760022540853, 1.988840720310012
96, 1.4834546669705375, 1.5530526661130362
97, 0.3830500339075027, 0.5841953418206518
98, 0.969776402366824, 0.28289263530013486
99, 0.33174993663259245, 1.074732331890013
100, 1.4136956866579675, 1.9862171411321499
101, 1.3705799663654237, 0.059106016502124215
102, 1.7749110543252684, 0.2956279453350079
103, 0.01532937428645087, 1.6155854693364629
104, 0.35230330375434527, 1.2967900467902131
105, 0.7764539417725453, 0.1539132091559503
106, 1.1805755788261305, 0.3726875707496389
107, 0.2091963232189955, 0.28323502406390366
108, 0.04634981101355562, 1.5003544755659424
109, 0.8548179202751074, 0.0922240846470237
110, 1.8557312477659684, 1.2122325650327657
111, 0.8244970842424133, 1.7713346902294147
112, 1.7166869196221584, 1.4533129792168988
113, 0.6458708455576254, 1.9464120714321427
114, 1.5570891237956879, 0.7701090178348005
115, 1.3591202902230282, 0.8253639091072777
116, 1.5878712599152713, 0.5890614398890142
117, 0.46436179201784955, 1.654867192796321
118, 1.4970348380851943, 0.48572012848549107
119, 0.0653293423604806, 1.051537776750969
120, 0.19948656645083584, 0.917303859567798
121, 1.7698630673588482, 1.9232170740169992
122, 0.5864594307685203, 0.1725284006144847
123, 0.9847756889925234, 1.0576965892460517
124, 0.5664046521982882, 1.620142652264216
125, 1.0186744036169944, 0.4108528604691928
126, 0.9260931676372699, 0.2650897578230531
127, 1.466578527726091, 0.2977149440133071
128, 1.784977475544148, 1.8298903368486383
129, 1.9417534903544205, 1.7733033480025002
130, 0.15748657710014058, 0.47990890034366496
131, 1.193811439733401, 1.6594195235021685
132, 1.7711768355943804, 1.8822613615944486
133, 0.5743098163169829, 1.2187345682186281
134, 0.12399781754006978, 0.8429462121509943
135, 1.3443288710251398, 0.7802321629770714
136, 0.07396885903463968, 1.048442976863148
137, 1.7283142607001547, 1.0436125554383173
138, 1.4800326614298047, 1.1982312940660331
139, 0.7538838657983575, 1.9204340608407573
140, 1.5924906009125417, 1.1026053879040125
141, 1.4374907373804837, 0.12388125826484275
142, 0.05625368623592575, 1.7957081386234122
143, 0.34549894757268373, 0.20492540328258357
144, 1.2931740447230484, 1.516541459717433
145, 0.07223835837468173, 0.8574191656829331
146, 0.6879127276249841, 1.2270648758125435
147, 0.05301289671559162, 0.07597502692201075
148, 0.12789410351175223, 0.33613439306630677
149, 1.3866486022323128, 0.40412698257093527
150, 0.5809228994288362, 1.0244989755822873
151, 1.062431061413735, 1.6747703562040286
152, 1.266434741878156, 1.0752406148165579
153, 0.5301890632145465, 0.2484013123614568
154, 0.14673233695219134, 1.5533700157872101
155, 0.11135538575501136, 0.8658603854870053
156, 1.2039518363012118, 0.08887433007078593
157, 1.2164680230744547, 1.4920338043581933
158, 0.494842443799292, 1.7083196854851266
159, 1.0985078199652278, 1.9944692596041769
160, 0.5843778495783403, 1.8307675304779227
161, 1.5373921364406993, 1.6902365738722427
162, 1.1273227140091913, 0.8503283275291964
163, 1.3157911648960732, 0.5399298021450369
164, 0.9558187188174607, 1.7697054033937214
165, 0.4072701712237534, 0.9071500608428043
166, 0.5761019977017887, 1.8384263921267268
167, 1.27536794801638, 1.365872609260508
168, 0.8426355004979931, 0.5029419484446898
169, 1.713374440534706, 1.084881096221677
170, 1.0039275456098742, 1.8423327934192641
171, 1.02039515214017, 0.417218151823606
172, 0.35707498652547276, 0.16878833130970539
173, 1.805176091552519, 1.5126877504671667
174, 0.4328415039017057, 0.23163363493231692
175, 1.3473946098336882, 0.5519264898377207
176, 0.5692418153762637, 1.9242751928654203
177, 0.07504576968454346, 0.29628188480361395
178, 0.8741492702205669, 0.4479105083823691
179, 0.02758369406378014, 0.13728247889240341
180, 1.9736952057050672, 1.65607895190205
181, 0.9619668771694827, 0.2538609630484374
182, 1.221548046002132, 1.962214421812673
183, 0.5063904363263703, 0.5951777227648642
184, 1.4106125648111403, 0.6998367780264219
185, 1.219930793739739, 0.08784687190096929
186, 1.9641100019504938, 0.3171195934222306
187, 1.0687121229730927, 0.20771229849321737
188, 1.5706962705247185, 1.463761720037144
189, 0.7480780756138743, 0.10147681356828375
190, 1.5232192491953636, 0.9534793468536154
191, 1.6280632680447646, 1.1114866929231337
192, 1.6964221344754524, 0.4323790318717713
193, 1.2722731730758796, 0.235137627326246
194, 1.6616312068842376, 1.7071355508645605
195, 0.04683449430371378, 1.376640494831364
196, 0.2264756755862185, 0.06798632832623563
197, 0.849151142486009, 0.22672938832267775
198, 1.9535091840187888, 0.11650043337931182
199, 0.70106394324935, 1.4819189787085834
200, 0.05864973095994941, 0.28214276375352165
201, 0.37056092815370234, 1.5024838045508389
202, 1.929820768874408, 1.3982000914560109
203, 1.2670538329110934, 1.6180297257679446
204, 0.7572696892679938, 0.96327213354849
205, 1.8662145917820494, 1.2062106253523224
206, 0.15292024103728918, 1.6137136819949196
207, 0.577431613215174, 1.0552352120923416
208, 1.5833688996457902, 0.7732607639241755
209, 0.9535093979243086, 1.5718792748353565
210, 1.417186780734525, 1.3855031968434124
211, 0.3246104869566482, 1.3804132248742955
212, 1.768497048703924, 1.1046277714163393
213, 0.06995371019886765, 1.8375472238726935
214, 1.681484100277045, 1.1654978441636186
215, 1.579383538912522, 0.6603065339723506
216, 1.702418164454942, 1.4658359208421448
217, 0.0920089439409133, 0.22601327638833868
218, 0.9034027209079414, 1.5839406249952972
219, 1.79294734058448, 0.49955174851620443
220, 1.688409885961215, 0.8445810528828135
221, 0.23738553378963712, 0.339418179183848
222, 0.6862861362752803, 1.9442658255975684
223, 0.010517289928818174, 1.5959903522472676
224, 1.6257736346304286, 0.048001579751139944
225, 0.27376957387852263, 0.1786547929080542
226, 0.7795092344253882, 1.6829689148705989
227, 1.209601444864393, 0.15518674365355056
228, 0.9242243115325253, 0.17181766558622824
229, 0.41238030858950614, 0.5193720767047101
230, 0.16822045983740463, 0.8699419056879574
231, 0.007921248987234009, 0.3550161386089332
232, 1.1162149699224484, 0.5909980232364112
233, 1.7020788247886218, 0.7323585698395649
234, 1.0944487186791156, 1.1617838038230788
235, 0.3794423723279141, 1.1934425146859766
236, 1.3225664527377714, 1.533827859363943
237, 0.3886226111027713, 0.26424816942025187
238, 1.9322937243190217, 0.10562031534294203
239, 1.5301806446361144, 1.4249351857668022
240, 1.6006312362849253, 0.13511347023912923
241, 1.2962620059400143, 0.5724846856315442
242, 0.4908295469791144, 0.9473362142965567
243, 0.3559069177547327, 1.8881152829866514
244, 1.3786754544987172, 0.79458792968196
245, 1.298102261483359, 0.18333998844474286
246, 0.896084109888279, 0.230433339560848
247, 1.6008617495025061, 0.21036454680459116
248, 1.912407305919366, 0.4643742800465729
249, 0.4794402297506344, 0.8579526668140569
250, 0.3908033559572939, 1.741828440417266
251, 1.8287539643160335, 0.23039663665108612
252, 1.2852771788981483, 1.831651500855567
253, 0.646666080191374, 0.3252686337256221
254, 0.8872197852875654, 1.7758151855198645
255, 1.0927289816948393, 1.8400206747478385
256, 1.8091023631791072, 0.7541501818220961
257, 1.3919059571403076, 1.7908669556797672
258, 1.5728946665536572, 1.2376774662226828
259, 0.6086578948022927, 1.6429975290892294
260, 0.33217109688232105, 0.5849372707119171
261, 0.8651916908780659, 1.60641541544298
262, 1.4945012744697292, 0.5597401443703549
263, 1.6430135015167715, 1.0496782560475322
264, 1.9760581308836325, 0.10107965372300431
265, 0.8551391848701717, 0.9009467614403215
266, 1.7795901903700326, 0.9876291392001553
267, 0.9867525873347498, 0.08429462788866293
268, 0.30949607268793944, 1.416547144622128
269, 1.7606599600703965, 1.070183213060947
270, 0.1597156708182903, 0.15995904702366026
271, 0.0059011220173741386, 1.98453266375761
272, 0.5433787196902033, 1.765305371893272
273, 0.9226738907950733, 0.9058634116536195
274, 1.294404526046078, 0.08929199458981096
275, 1.871827715904915, 0.8077438603008447
276, 0.868195560065228, 1.2156218172900073
277, 1.0918438316192611, 0.7721757304607217
278, 0.6954950554546455, 0.23557001801475153
279, 1.7742335774034275, 0.06019898851249561
280, 1.85237592737214, 1.1427340069036767
281, 1.2994053903168052, 1.013542507545098
282, 1.819728821981484, 1.905502013238791
283, 0.2608753894938465, 0.06173877282015883
284, 1.6825423984387118, 1.5172846428551268
285, 1.7606780456827045, 1.2574000324965249
286, 0.7284401185186515, 0.4781555783567297
287, 0.826932168172188, 0.6948342815047939
288, 1.8475303764030173, 1.6022191905026686
289, 0.0073199935301571095, 1.3445262848754578
290, 0.6929010935342277, 0.15094888704163667
291, 1.6530418152097932, 0.6204571796813139
292, 1.3671214901198245, 1.749487398348067
293, 1.678484606827092, 1.508000458359115
294, 1.5634893644107537, 0.7625401948005275
295, 1.7716478517327638, 1.6738626656867928
296, 1.5962729552197408, 1.9431161736770806
297, 0.5849193408796589, 0.7686318389346802
298, 0.294468604973648, 1.5399497708929266
299, 1.7718484499482965, 0.7375763047692794
300, 1.9719642855143942, 1.690952128729635
301, 0.48839788591884714, 1.2333469247114104
302, 1.6665557714377541, 0.8128174455127786
303, 0.37635379281432124, 0.4665565664268174
304, 0.39634400992840857, 0.519505418763297
305, 1.0250550773194882, 1.4276523312133775
306, 1.958748200690477, 0.5724557274995439
307, 0.7934089826945065, 1.9048209629222106
308, 0.4685247090769675, 1.3700769428107002
309, 1.5749469113578958, 0.08633025094374092
310, 1.568551649122718, 0.5831731572307992
311, 0.619322234437425, 0.9005912447130462
312, 0.3307524761031364, 1.073243205987051
313, 1.7135340437100204, 1.3096564123264895
314, 0.6075555808258859, 1.708829681178833
315, 0.27919386244181665, 1.3733086675731803
316, 0.3997213273620268, 0.34444425065976736
317, 1.1024057090612875, 1.6052890872853112
318, 1.7870666470566905, 1.354591575529858
319, 0.3374305481507538, 1.4145760336826807
320, 1.659648276523984, 0.5886067392587411
321, 0.5937308369996162, 1.7305868201313788
322, 0.5041091991809048, 1.4344981356319755
323, 1.2928207684967443, 0.7485542561119791
324, 0.4134241678606845, 0.028717632539758453
325, 0.11886260073997446, 0.7205361417793517
326, 1.6606887062324356, 1.4477301653506933
327, 0.3664739148492049, 1.789925477475079
328, 0.5415477407183056, 1.1093647058926108
329, 0.6153757725047333, 1.4637255429626586
330, 1.244603247852074, 1.6510652447506329
331, 0.26931403602508586, 0.10710926668608689
332, 0.49911844411755757, 1.560672884188522
333, 1.346490031173816, 1.5535811982655214
334, 1.6614618206147953, 1.7835401935829476
335, 1.3939534075643512, 1.6900724418396735
336, 1.3114232619222586, 1.52723168389775
337, 1.3383838175696716, 0.9369166669050664
338, 0.25436838668600625, 1.5361366884709198
339, 0.3379306801791089, 0.5295250522113217
340, 0.16077294239856688, 1.9984789064849358
341, 1.0253212229611597, 0.9277314417922258
342, 0.760804681212766, 1.6646044940257212
343, 0.2621239748552011, 0.019424723387619025
344, 0.6700985792709697, 1.967301236320826
345, 1.1159902559716377, 0.5105866662520568
346, 1.0884914501289713, 1.3037464000608747
347, 1.1463871290908574, 1.6267085541630761
348, 0.4551666482385257, 1.4771058485054884
349, 0.12291018526197095, 0.3377740961991551
350, 1.2447428226756194, 0.3725636528678351
351, 1.4377274893300542, 1.5724039397043437
352, 1.651913163529748, 1.24600065140082
353, 1.3398164401745423, 0.9680416591093384
354, 0.6842599944756631, 0.14768425464402135
355, 1.2291003900316129, 1.1310660656276685
356, 0.9121099427085178, 1.9740748955238274
357, 0.527081619304955, 1.3487418091897825
358, 0.8647213011476358, 1.1184456953304653
359, 0.5930949656675375, 0.12479981871485535
360, 1.4075986262390232, 1.1145806981119286
361, 0.9410204812248255, 0.6229904190856688
362, 0.2508415033474505, 1.893712699634824
363, 0.5662493710673024, 0.8030154381870132
364, 0.08450161881398643, 1.0737111417304541
365, 1.4283661322310115, 1.8455125720782923
366, 0.963447342218509, 0.7917429695040041
367, 1.7365145208426467, 0.07463384065185208
368, 0.5048609756921303, 1.9120360725739407
369, 1.276524458894352, 1.6556024707613768
370, 0.2675616644860479, 0.23012271626306258
371, 1.9175999855051735, 0.0058668869471218965
372, 0.25242409900968066, 1.6195410006845388
373, 0.25730017124878946, 0.8506659078164787
374, 1.4675044279007596, 1.7374602703205941
375, 1.295047468949629, 1.4881913854130875
376, 1.134723685293377, 1.1661928601855938
377, 1.8395880210644595, 1.1899938742707614
378, 1.044280108918032, 0.7534022073724456
379, 1.8340048549236656, 0.7135872669655525
380, 0.15516872704195306, 0.824451406924714
381, 1.077521927473743, 1.7441398018290557
382, 1.9726467949780822, 1.3647964847676943
383, 1.5851177809166448, 0.5817267111854147
384, 0.958388860593977, 1.6321470463986676
385, 0.5446174983646568, 1.688047810840832
386, 0.7134253573124882, 0.9943707340359726
387, 1.440372803420959, 0.5809598714602422
388, 0.5953005522364816, 1.8101427002199837
389, 0.277575239601344, 0.07224866670064234
390, 0.6746765983094942, 0.14186691327366696
391, 0.07279029733122977, 1.9784795554019992
392, 0.44806465457141864, 1.6884847842255448
393, 0.9432545394161567, 1.2005066615043054
394, 0.050922164203328624, 0.7667750916334266
395, 0.16329802891514067, 1.2848248531236055
396, 1.0671594523165358, 1.9125032898959968
397, 0.21938328840865817, 0.10129126296528912
398, 0.11724471309705509, 1.4715575614024532
399, 0.1653908698211135, 0.5958590545690243
400, 0.5834090105664889, 1.3828777273683683
401, 0.656499262645702, 0.5716400622795099
402, 0.5391992445600433, 0.5322923749663118
403, 1.2916316362447866, 0.4189685414980404
404, 1.096092003904214, 1.3080367886540187
405, 1.9607426261370748, 0.5651200684906901
406, 0.7424561585649216, 0.13422729161497826
407, 0.23845009597180056, 1.26690077174337
408, 1.623314116086778, 0.3577907221674941
409, 0.01587667683718208, 1.0737113561494622
410, 0.4407138824050063, 1.9354903852341139
411, 0.5588360745430925, 1.4870214090765852
412, 0.39171251299281695, 1.9416480022654101
413, 1.3334168082086855, 1.2812667465400223
414, 0.10870906558754512, 0.49423322072248577
415, 1.4194154458553276, 1.6426062756651607
416, 1.0092190139233892, 1.2384434113820697
417, 0.9833425083736724, 0.1316569147767277
418, 1.967667300066604, 0.8062077176765665
419, 1.95380775038578, 1.2291838484680762
420, 0.3420062350248949, 1.9306639896045912
421, 0.15013878898552968, 0.06940884649526557
422, 1.9773159443238009, 0.6646937304378158
423, 0.3493200021446228, 1.4415899789819093
424, 0.2581839125202112, 1.7790265127392149
425, 1.3724211353347047, 1.9891155789038306
426, 1.8455623182137697, 0.7374132853178514
427, 0.7308981606152973, 0.8138552682199718
428, 1.863949511651083, 0.5460286241317651
429, 1.1956979400450192, 0.06007775916032365
430, 1.0164051546706094, 1.1131824499096779
431, 0.9218997975182432, 0.6363232682483169
432, 1.8514332601454127, 0.6667945731576177
433, 1.0081687067893497, 1.6557109985658838
434, 0.49864944046213733, 1.4795902915781154
435, 1.5486719634241317, 0.4919306743752696
436, 0.21915266779200882, 1.6607908937861622
437, 0.23384154762895526, 1.182189163568899
438, 1.922390592291832, 0.8380592285413921
439, 1.7015859065683632, 0.9043128205334168
440, 0.8783017520397556, 0.07301646882095336
441, 1.1030799266847249, 1.86069213468872
442, 1.3974319039827556, 0.9867590879556307
443, 0.2891016397167352, 0.6437339866730414
444, 1.127218069383037, 0.6501867231622418
445, 0.6252855171195304, 0.3705311135914766
446, 1.0774192179466742, 0.04944645620614496
447, 0.2639820826979087, 0.41022747640015167
448, 1.0849413870515736, 0.2903963872751323
449, 1.3591629728806967, 0.03432232728818341
450, 1.6816234009569577, 1.9708385727300433
451, 0.024331624030037968, 0.7630858942818739
452, 1.895681993370223, 1.615761179355167
453, 0.6496335024706261, 0.6568116675894855
454, 0.9999839279678695, 0.3753376406339619
455, 1.2674766088414837, 0.5532967498026657
456, 1.3227420811516635, 0.8298374716481134
457, 1.2904361953467782, 0.9350098125485566
458, 0.8809506777180605, 0.6291491611493014
459, 0.6870896709588197, 0.7939833162105343
460, 0.6906072391940967, 1.4792374078234936
461, 1.6318790043695104, 0.284004518000875
462, 0.7460636929665672, 0.7813531686230171
463, 1.5160737086082687, 1.4923952528290494
464, 1.5178385032234176, 1.2632282592613149
465, 1.8603744251846994, 0.6897009939196088
466, 0.025402545788075104, 0.23689592589118136
467, 0.8047534511116727, 0.28492948703709375
468, 1.3200656510897422, 1.8433579511589977
469, 0.7344844820971121, 0.9353319089376539
470, 1.9030302765220177, 1.7227234169468364
471, 0.4627095131809711, 0.8743595336518846
472, 1.897761033064533, 1.921582735990594
473, 1.047971601194364, 1.6919399437186478
474, 0.5411624712486016, 1.092781230981737
475, 0.7194181574851561, 0.8737411670487194
476, 0.6618484625862255, 0.17941632795716345
477, 0.42344568477428335, 0.9384244801101913
478, 1.5423807059169543, 0.402446736002787
479, 1.9051097166482907, 0.25841974362538656
480, 1.66568721082006, 0.16673380498454216
481, 1.2006748832356353, 0.8138474763455659
482, 1.1122816223103669, 0.1332570781725111
483, 1.7149833071974423, 0.7648499185519684
484, 0.7173552834039283, 0.7842956389315541
485, 1.0019596116195342, 0.49733451231015824
486, 1.1234754329627508, 1.7072848237361158
487, 0.6000576091587386, 0.27782234397611916
488, 0.4800581449608061, 1.3532209801312554
489, 1.194403478603027, 0.6535351822248661
490, 1.072723629503302, 0.5836643648752307
491, 0.2735769783101649, 0.12865788209901496
492, 0.6555749582062005, 1.7301736637061218
493, 1.066872500483658, 1.55265127997383
494, 1.355296303018925, 0.4177201728599622
495, 1.5110268275805117, 0.5182341132470822
496, 1.389968334163285, 1.0301086890982083
497, 0.7497528463742531, 0.19123263446781835
498, 1.6223579472999707, 1.704233263682908
499, 0.6691472711485082, 0.6800579290925441
500, 1.064004152425601, 1.4338423654870445
501, 1.816920274603367, 1.3426311669005262
502, 0.014862091042882941, 0.9033447535570072
503, 1.9859324759410146, 1.7605429878513907
504, 0.8168071041940015, 1.1265914121494272
505, 1.7637695235942696, 0.19136657945483093
506, 0.01232650035624494, 1.9420953155759384
507, 1.5991377494826347, 1.3192114798314307
508, 0.33982264300478815, 1.5505801478870695
509, 1.0815096334802308, 1.5193499332864486
510, 0.6022820793906871, 0.38775826777308176
511, 0.9377715206446713, 1.4140331228836678
512, 0.34684371210850284, 1.0054492540092108
513, 1.0852167032618065, 1.3465131866985753
514, 0.08024813075696957, 1.297543119825201
515, 0.29475142390270936, 1.1440528637030427
516, 1.3330903232908402, 0.3190556928148278
517, 0.39356499710426474, 1.2576524374514797
518, 1.7138120708681668, 1.5049323368120076
519, 0.6709485681292509, 1.9169013761729707
520, 1.1221066489544997, 1.5858631649632742
521, 0.7234696872719024, 0.2900847741838053
522, 0.255020494533889, 1.9333766779999768
523, 1.0499368657270887, 1.4753010749919586
524, 1.687771047101844, 0.5000744633509775
525, 1.1288004209708842, 0.5412450544746501
526, 0.7168917745371814, 0.7393662154884446
527, 0.8995373677847545, 1.285916514563157
528, 0.5905975253875066, 1.542435922477748
529, 1.1187657242184472, 0.4671514591436827
530, 0.1295728425625895, 1.537690835895097
531, 1.2852587771272976, 1.8534751927157809
532, 1.7920445817968416, 1.059040765900305
533, 1.8873824359148224, 1.3915248884904057
534, 1.7418314551179277, 1.7807664504620364
535, 1.9000495932287993, 0.10908836157105406
536, 0.9785543730164596, 0.4924292888329804
537, 1.1335689867424634, 0.9302768896084319
538, 1.2073610372338586, 0.5330672393431037
539, 0.784527146985466, 0.705550251189669
540, 1.71104401164729, 0.48682079082482055
541, 0.2731261803481393, 1.0315550962894733
542, 1.6146437064060601, 0.8137353678341195
543, 0.7253468587755403, 1.6934010574690648
544, 1.5156913620580859, 0.08267756267792259
545, 1.0220972516007112, 1.0596004531948513
546, 0.2938090190347795, 0.755833179599942
547, 0.32669329920025936, 0.8824857253256149
548, 0.9643343572015395, 1.1572405063442073
549, 0.8052194396472903, 1.74961258868658
550, 1.103650590027193, 1.4226614558665769
551, 0.9529817450834386, 0.867409358840803
552, 0.7848456378334376, 0.5839548411805544
553, 0.38813821782461955, 0.7850967751935363
554, 0.04359047726403098, 0.9563762031515677
555, 0.21463490944083952, 1.3511766235934188
556, 0.6839175278359295, 1.5122743596619102
557, 0.45951925717187336, 1.7711579224922116
558, 0.34904367644590417, 0.6072957995854333
559, 1.2406432225533999, 1.9462401987525506
560, 0.024815117727550406, 1.611459463132101
561, 0.9253708556072588, 1.7946513159789388
562, 1.6024340982333847, 1.8127725527461864
563, 0.030533885524863136, 1.8384653798559327
564, 1.6691462393910896, 1.424372921261899
565, 1.1619792013365668, 1.58143353736957
566, 0.3243362606204441, 0.2196664523881342
567, 0.3118626061003218, 0.42177729925199525
568, 0.156225161881951, 0.2796748337827588
569, 1.2408232310914937, 0.9003081739618783
570, 1.347379199443299, 1.137832402075864
571, 1.6418522499970427, 1.7760234990149628
572, 1.5361513424159672, 1.33959311248193
573, 1.0010236724146961, 0.26768344238654973
574, 0.5490022649625217, 0.9977734086095693
575, 0.10581921720052812, 1.054250868170374
576, 1.3651675053282015, 1.8577720518598226
577, 1.3709515290924676, 1.3951717878473235
578, 0.20079427640760983, 0.5522306304268767
579, 1.439785212431541, 1.2441775260693126
580, 1.960387869472694, 0.08628488303046145
581, 1.9375723259450843, 1.7280430914693756
582, 0.05091611019999376, 0.5513161256120789
583, 1.3061317848631293, 0.8242283404274267
584, 0.27858650072659574, 0.5395843923316659
585, 0.16935246160307482, 0.039022223979222836
586, 1.7451434976514706, 1.4561976425236365
587, 0.9455416912329604, 0.5182204062815865
588, 1.2524817282615033, 0.9520350522136007
589, 1.6443575630252065, 0.8043523669930519
590, 1.9970848330732394, 0.2806003518756992
591, 0.9940698098148333, 1.2878528523786759
592, 1.1209686712384512, 1.2744312371807984
593, 0.32913261133584504, 0.745632997442669
594, 1.8976658989259583, 0.1759822439968568
595, 0.9234368422909127, 1.1139992156290461
596, 0.3881531144679857, 0.7825108478947902
597, 0.6354692561901087, 1.9782275220012004
598, 0.7142896688228546, 0.6499922002661778
599, 1.8227491507640337, 1.2924492349388164
600, 0.22675398292048876, 1.8999603333245405
601, 0.3081128076090516, 1.6605244118471112
602, 1.966423983368187, 0.005737209863248438
603, 1.1177748717434273, 0.6613018741731649
604, 0.26390846723342043, 0.6138969403864436
605, 1.8145519944143227, 1.6348217140332317
606, 0.6596686761490642, 0.8869394408333939
607, 1.2181563812883491, 1.6186878338775976
608, 0.5394994479744979, 0.7369259072524337
609, 0.9887943131347643, 0.05234117638605085
610, 1.1068660611591834, 1.6964005223130212
611, 0.6709877303575678, 0.23408800742134983
612, 0.12116010682306766, 1.0525137515798635
613, 1.9472127776418215, 0.5480881079537132
614, 1.9552763199980996, 1.2633526896804648
615, 1.7867996286399852, 0.0036178662749235535
616, 1.6566146388784035, 1.709557280311588
617, 1.2489774064647787, 1.5087916670083887
618, 1.0252887570226599, 1.0899241718627863
619, 1.8536230144963657, 1.1420284202037891
620, 1.6276136458872574, 1.2341583194848218
621, 0.7942010258820029, 0.9219151136537671
622, 1.2675288804337037, 1.4023078352292702
623, 0.44609412592407427, 0.9058478868524453
624, 0.14458579767578716, 0.02104931312904812
625, 1.00407036286002, 0.32818612541565795
626, 0.5164524825228589, 0.8647737577107157
627, 0.6512482593809796, 1.8550410136819309
628, 1.9339481551657938, 1.6183317376478878
629, 0.0735840206071865, 0.7990408271193243
630, 1.0182566398039492, 0.3817866883948231
631, 0.43164108603629536, 1.5062172157054627
632, 0.7077002534154229, 0.23705141762401172
633, 0.8517024311338406, 0.532825616416418
634, 0.9197011722735495, 1.0302681473524016
635, 1.735118959516076, 1.876608351537618
636, 1.2336937077878696, 0.6517592163995345
637, 0.5246502289844999, 0.5300081191604928
638, 0.33430378229701585, 0.40648779394742873
639, 1.2829416866070291, 1.8197917134522124
640, 1.0076005556904655, 0.3753183109723979
641, 0.8436672330751132, 0.5908174077586335
642, 0.4423342574511564, 0.9314346016016817
643, 0.6481377394546477, 1.1781282957484183
644, 0.5436841388050995, 1.6143084120616185
645, 1.577073335325444, 0.44799019015272434
646, 1.7535979471600898, 0.6302751495220187
647, 0.4623799064303744, 1.2207909141901034
648, 0.6018472839507254, 1.1263358080256867
649, 0.42334734722055667, 1.5768549559058669
650, 0.20150649230634787, 1.0098981689481026
651, 0.0997850974203831, 1.8517006964267486
652, 1.4548785007131362, 1.2700019628679127
653, 1.6438801645494445, 0.8647632597135444
654, 0.2067374700256217, 1.1369978286989297
655, 1.9239886343191632, 1.9817757157570561
656, 1.5216574639341993, 0.7863701983329987
657, 0.27909428842015793, 1.9301719136470916
658, 0.10083419799116133, 1.6528457313853653
659, 0.4615846291393395, 0.5711743552471105
660, 1.6574300778936484, 0.5352914122856414
661, 1.3830004334063728, 0.19271808901390086
662, 0.638566704988194, 1.4045487876268734
663, 1.6368859988680198, 1.0999851221169872
664, 1.3026866430865196, 0.27498929047873744
665, 0.4171266170022123, 0.8074765130987795
666, 0.6217383679898016, 0.5266822487701783
667, 0.0881921282070941, 0.2670550662408968
668, 0.7086342221856516, 0.5283799332959436
669, 1.5971646123900216, 0.23450577604048983
670, 1.3509794943409712, 0.44711244331889377
671, 0.12141933550518602, 1.2457971701481492
672, 1.9576576510090318, 0.4340091447680101
673, 0.26111693558707216, 1.819693955616424
674, 0.8600731828515988, 1.736749303458082
675, 0.9578783775292414, 0.26496224392520307
676, 0.7849768405889774, 0.9854352044690586
677, 1.8744175311127385, 0.17674673585160017
678, 0.5798034990534229, 0.9126741362160684
679, 0.6461791149269771, 1.2672948656553367
680, 1.5213627501364604, 0.006541453395065178
681, 0.9621330880070522, 1.9339071870089741
682, 0.5363346652316043, 1.7100029972595672
683, 0.04254272972377682, 0.28602045770612006
684, 0.033466140981990744, 1.470952919502086
685, 0.8493469627620889, 0.9303476498736776
686, 1.059922064655132, 0.20047673345860817
687, 0.25643705995904287, 1.6341147193145862
688, 0.9995480958855845, 1.3454810081149597
689, 0.24362687973438346, 1.0336071652473826
690, 0.9637395632757881, 1.8489265990433488
691, 1.3332609339944372, 1.0168573753992505
692, 0.2355048250279157, 1.0705714262693555
693, 1.1831215807501425, 1.9764796839838243
694, 1.185813609320135, 0.7297407221071139
695, 0.940076318327185, 1.467233909940817
696, 0.09811418871852418, 0.5473064823615734
697, 1.7267166426716696, 0.985292518754431
698, 1.535157288908602, 0.5593735447585304
699, 1.405888690040896, 1.4727371192218297
700, 1.5344949100902356, 1.2923760274579572
701, 1.7577270532823062, 1.3294570013592566
702, 0.4499489412887714, 1.412691927446606
703, 0.6321149887063724, 1.566908318917932
704, 0.19485164072405547, 0.5830871928754608
705, 0.6405767491475571, 0.60226430204141
706, 0.5387442697736682, 0.7308942581413673
707, 1.427476234960122, 1.3956029091796793
708, 1.175540159290867, 1.6490618253793068
709, 1.6200039201877081, 1.3058101014839139
710, 0.05251918043982484, 0.25556797804506504
711, 0.9046999879034252, 0.2129841505146386
712, 0.8416868219064872, 1.2848058639802973
713, 0.27564965430909716, 0.6503373295578092
714, 1.852603914416574, 0.7871995048359437
715, 1.996139191925643, 0.334831314446008
716, 0.6259867527951142, 0.21981480899559713
717, 1.0787385468726136, 0.7738843801042385
718, 0.864957234856687, 0.09515963492688573
719, 1.0514426823780076, 0.12141224458124777
720, 0.06379496046681399, 1.4504556240761126
721, 1.3079214905731287, 0.5415064470421236
722, 1.6489379884872957, 0.7479933486944184
723, 0.6436057951776792, 1.6292026755963656
724, 0.9890052447198963, 1.3428192942257753
725, 0.9208576422999326, 0.2316858363230072
726, 0.1603158594198384, 0.3478922462787142
727, 1.6893621176672553, 0.1075546345341929
728, 0.9117181759025028, 0.7252465498602321
729, 0.7548685101693446, 1.9091364188188995
730, 0.7518848168092, 0.7895916383130595
731, 0.6893190135530787, 1.3279971718491066
732, 0.10030117533484706, 1.2207910097835735
733, 1.1689651273883845, 0.3261709633124512
734, 1.4684528682942897, 1.4215303572591964
735, 0.9437437300889628, 1.3171460380859568
736, 0.08296065939383102, 1.8961633922319856
737, 0.36714258478136896, 1.1532287188331016
738, 0.7259307688609391, 1.0976462810178442
739, 0.2321791052462283, 1.5336337148486867
740, 1.8211231296227437, 1.3401118756462593
741, 1.5040690153445806, 1.8182053773480864
742, 1.755450382303335, 0.023775713864624626
743, 0.27563108153158833, 1.2912550348809229
744, 1.4186004697652683, 1.8068710837809672
745, 1.9026836429572076, 1.6618333714973608
746, 0.76547838550948, 1.8274105087548456
747, 0.015108927642823122, 1.502775338112958
748, 0.6879274880268036, 0.6683647980261544
749, 0.4730798870344799, 1.4647390098991144
750, 0.273160517039454, 0.09749948785606555
751, 1.3037657183750242, 1.1273152956623826
752, 1.7469407821479968, 0.12962799068999575
753, 0.9529832120005493, 0.5383875941131571
754, 1.5782493999551774, 1.6087997225841368
755, 1.8671704271063811, 0.8474282927871626
756, 1.0902438386471327, 1.896296326511073
757, 0.06040649627540984, 1.2034219152725947
758, 1.639503283896117, 0.062062086329127686
759, 1.7856835757264928, 1.0647240414459822
760, 1.8911986209452893, 1.1367242682611187
761, 1.1977104723505987, 0.7474294759578519
762, 1.4276968403922206, 0.4457908870692462
763, 0.131652177109719, 0.9451160240085557
764, 1.4655174026687277, 1.5164324224024954
765, 1.1502952003568485, 0.09784876653533536
766, 1.4195165725795977, 1.000672231193613
767, 1.4848998222154453, 0.5455597478495569
768, 0.16008087064382814, 1.9535846809321005
769, 1.2096967985242295, 1.5851297766144716
770, 1.6838995820609237, 1.943818730370562
771, 0.27887349454787125, 0.09782015176257652
772, 1.2638123500847058, 0.02638790986991779
773, 0.8214093814661669, 0.07111648506992596
774, 1.052294400631621, 1.7728598236041477
775, 1.6447893706411043, 0.6143325956740309
776, 1.7535658681655404, 1.2948236938083026
777, 0.9837541258468063, 1.2859843624166625
778, 1.604875868294256, 0.21221821189774692
779, 0.5530272440216117, 1.9630082164083382
780, 1.7915164794265692, 1.6182478519131025
781, 1.1734881856813053, 1.4059595379158814
782, 0.5031792041790824, 0.4607788961593202
783, 0.618838287305512, 1.967479434626641
784, 1.640205622727205, 1.3342343071963163
785, 0.34919370119833215, 1.283300621171288
786, 0.6329686489661386, 0.4771699408663521
787, 0.28246268376553574, 0.3592588158764267
788, 0.8262909516649775, 1.6295143155594143
789, 0.5951114327761209, 1.6775978058866685
790, 0.595448669802243, 1.5609380220373699
791, 1.8414584068521949, 0.7224459861729255
792, 0.4355139550808287, 1.280163837719805
793, 1.0945037824790338, 1.9545298660894301
794, 0.5046831541263583, 0.3469633215459591
795, 1.027297238479668, 0.7815937849681118
796, 1.5188694706486763, 0.14216189771205578
797, 0.32578938484598785, 0.6478886479721178
798, 0.6976584293682924, 0.8118453632296478
799, 0.543115708407454, 0.20921624327267296
800, 1.7391359729839055, 1.644152220787595
801, 0.9462087998011766, 0.4113903083146526
802, 1.8540668160721803, 1.3622506005131028
803, 0.6781739213425582, 1.9587266926282627
804, 1.8467371932264283, 0.6831707823925262
805, 0.5876086805456096, 0.7501002560855519
806, 0.5267754384956194, 1.930324330822176
807, 1.7321801289523449, 1.8196096616354998
808, 1.9384980808009333, 0.9162230790048773
809, 1.5803917547102886, 0.25849348064073463
810, 1.622056750167513, 1.274948116689522
811, 1.9431518358882693, 1.4781597733790175
812, 1.2578422389366513, 1.9045824632652675
813, 0.8464829120950621, 0.7321301726594958
814, 0.7344083769461414, 0.6692747057253132
815, 0.08558096515497793, 0.795887012642434
816, 0.6265634271919691, 1.261589134814548
817, 1.7630947242795074, 0.7486294093554111
818, 0.3269269175942271, 1.563750701422711
819, 0.6316932352707691, 1.0011267317377264
820, 1.1668961949755483, 1.7585437587299921
821, 0.59178575138029, 1.7739635502676818
822, 0.33563415802056795, 1.528212614435515
823, 1.8081596474431612, 0.6080767076599238
824, 1.0327344067554398, 0.9707028020670185
825, 0.5808540514940423, 0.6961379388146951
826, 0.8780848474739888, 1.319698098891122
827, 0.7516874075377735, 0.6613052236378409
828, 1.0812823700064422, 1.674887898756929
829, 1.7682301445538597, 0.5245398108984625
830, 1.55939270522108, 1.3359219503177864
831, 1.7130224898052775, 1.3159338901269833
832, 0.9730641357223457, 0.455336277528372
833, 1.810793399081838, 0.8190867271680573
834, 1.904746102617471, 0.4900620577963992
835, 0.8386738170378931, 1.5976961336473203
836, 1.0295648826907684, 1.4330264017561805
837, 0.28725205372084517, 1.6900885626735827
838, 1.1384024072776397, 0.5424034291280024
839, 0.758979809379775, 1.1987736366709527
840, 0.8666786771289636, 1.5355802332220874
841, 1.4751365865342554, 0.3777197404445378
842, 1.753244359113374, 1.1003787041062845
843, 1.000303989456565, 0.4038001426351956
844, 1.0319088888882475, 0.35656473972650704
845, 1.4504951454140758, 1.0966654418648287
846, 0.3719339377476072, 0.1996435667578964
847, 0.6091876658930626, 1.8585161735323572
848, 0.5680587551600664, 1.0989162997321626
849, 1.416564656664618, 1.51110823597236
850, 1.010554336311684, 1.2986517959423116
851, 0.0347370930809634, 0.14824829307074983
852, 0.4502661422894365, 0.8508435886448942
853, 1.5905881864996767, 0.15452014938823022
854, 1.213426803804878, 1.0258597945082006
855, 0.0020982633788269034, 0.4110932309400508
856, 1.4530377650196398, 0.507284084097777
857, 1.8760875114015, 1.4419209527195518
858, 0.605481353148106, 0.7684711627722725
859, 0.5119414045269699, 0.815069442126112
860, 0.8884963983038541, 1.9456704497866648
861, 1.6232796997975774, 1.0242002915166222
862, 1.701505416172387, 1.445054688162651
863, 0.3255836662892633, 0.8376419030705855
864, 1.9929781060981397, 1.5112579776224941
865, 0.7701841123667839, 0.8180383592515272
866, 0.38524681179336606, 1.0188026984671255
867, 1.3872483811605514, 1.1973476918435515
868, 1.7275676276075633, 0.6135141962690824
869, 1.818700782038982, 0.39651877123584356
870, 0.4326121246958001, 1.4466051337651036
871, 1.9452658590596352, 1.2751082944424008
872, 0.21915890813296302, 1.6262093845218517
873, 1.317356209083599, 0.649171425473607
874, 0.29159965262109355, 0.12563433996119588
875, 0.701756948439404, 0.47985879586021674
876, 0.35918740077976086, 1.4454872732193667
877, 1.6563719969089803, 1.4273208098330514
878, 1.387664383152599, 0.11414767229347156
879, 0.04047208321988238, 0.7179433806572726
880, 0.0835089018399926, 0.9507625097784977
881, 1.6044880678518523, 0.9271231150301904
882, 0.06844897464135347, 1.8782214630519574
883, 1.8552363523459117, 0.527376413033068
884, 1.0206880151479052, 0.026878796506149882
885, 0.11286319000095646, 1.3079067673848728
886, 1.8875536194130196, 0.5743305525597517
887, 0.16721986531346644, 1.5256467607694004
888, 1.740692394026362, 0.05916193726982977
889, 1.2243788958251771, 1.4630404006896476
890, 0.4748979634102737, 0.1410918960231855
891, 0.8662747863477793, 0.0275060919894492
892, 0.12660114988889304, 0.11727212469706538
893, 1.620345320262124, 0.5592752658734632
894, 0.6469926852311128, 1.7496578074897389
895, 1.1999248618813363, 0.10060261445022989
896, 1.9862117780229698, 0.20495105560790972
897, 0.7627805747889236, 0.9130254744915021
898, 1.7600509905161943, 0.6156118733261386
899, 1.630981252374224, 1.8184017823938081
900, 1.1221785357553318, 1.766839414523363
901, 0.75738262547613, 1.3040854610497443
902, 1.5538048206830986, 1.0353164849694132
903, 1.4401887003628504, 1.9878048651699267
904, 0.8216964303298382, 1.3555597795748706
905, 1.5062186012989063, 0.4546747697241791
906, 0.21591097157285066, 0.06838436253177038
907, 1.0830505472788032, 1.5541946983083945
908, 0.3132481486449885, 0.21911938261449482
909, 1.6539705406880991, 0.7440732495086053
910, 1.2061018541646118, 1.362410172863132
911, 1.6307832081217748, 1.8826504251184126
912, 0.7045663421086688, 0.8053006279280743
913, 1.1365125359795094, 0.10287823810717889
914, 0.49718074956520186, 1.6391039370737175
915, 1.1290432075020196, 0.29255944167341363
916, 0.7040266670532584, 1.3634658550760936
917, 1.5062689801650642, 1.2404365705496658
918, 1.4124838856065234, 0.1408588209421333
919, 0.3287071821027343, 0.4220109137151702
920, 0.5830241241798217, 0.9570880607136578
921, 0.2587739143392851, 1.4601323092732157
922, 1.755099587563356, 1.8507735775240675
923, 0.6658002602512354, 1.1455647982071626
924, 0.42736603294681963, 1.3242686047012153
925, 0.5463140616904003, 0.6454953742074863
926, 1.5556539704682304, 1.4907153732048957
927, 1.882146726349096, 1.9505848072373986
928, 0.47556964904249166, 1.5640555085695094
929, 1.3223269696558546, 1.9894918122751726
930, 1.0212997880758687, 1.537627884807421
931, 0.3368497387552929, 1.3699532218691894
932, 1.0918988871448965, 1.2666520092320641
933, 0.28188455298016746, 1.0080518882989324
934, 0.0974269482230401, 1.9610113004358452
935, 0.8658032020453821, 1.0336766234111188
936, 0.141348483174923, 0.2604420687092803
937, 1.9838818322697926, 1.3721827964560445
938, 0.47786150424262663, 0.19297433744196657
939, 1.5843148293952085, 1.5571295398552778
940, 1.1269327437123544, 1.6529828691563968
941, 1.434179740113139, 0.3305223558299124
942, 1.1844375950974064, 0.5296924619185825
943, 1.5617834884870925, 1.960007336258807
944, 0.4899272304352822, 1.516928951387129
945, 0.32868326651914903, 0.7470287234535289
946, 1.5094056919712258, 0.024863841748125948
947, 0.7031901969579792, 1.543084735546782
948, 1.1553727670483382, 1.6555544648933496
949, 0.8373922337966877, 1.852938295487484
950, 0.4061044773061844, 1.8488617717361755
951, 0.7870107576660135, 1.0929840251733254
952, 0.853918430166841, 1.639510252827666
953, 0.5205362097100183, 1.7460704503171198
954, 1.5005992170986089, 0.3748920909767277
955, 0.71316171269537, 0.19616370611967193
956, 0.4841893280473679, 0.49479587359227684
957, 0.7327378839958398, 1.7048242363748387
958, 1.6520596573971387, 1.0499817994821055
959, 1.0256924083563037, 1.7864745608870607
960, 0.5804081492297664, 1.0952126549123344
961, 1.2041965709718232, 0.6399788685200096
962, 0.8074944406057953, 0.8595622652638444
963, 0.6186504404237136, 1.8384095448511382
964, 1.015051649512516, 0.043518058400514814
965, 0.1361509132566665, 0.5084259880919106
966, 0.9296410121741825, 0.22313256175598317
967, 0.7425449364447936, 0.31623227434595846
968, 1.98765356722889, 0.20347822923146475
969, 0.44208748847219437, 1.5107695092852553
970, 0.5472106261496157, 1.0620496863555375
971, 0.6650827164300361, 1.4227187199676363
972, 1.8399933337560512, 0.18451059623928034
973, 1.0170886778617108, 1.7506546377808987
974, 1.8395740968022158, 1.306486170318551
975, 0.3393203698716316, 1.2658533170993291
976, 1.7172282690384448, 1.7961676294579194
977, 1.5250820560061895, 0.07312797904088741
978, 0.02610902873169585, 0.23484314495038427
979, 1.4776069452204241, 1.2842948665943796
980, 0.0020510447095556383, 0.07048968694572144
981, 1.3588373024454068, 0.20381710862975755
982, 1.7734507252470049, 0.8017345112494698
983, 0.22244723951637901, 0.3413463291260903
984, 0.7647498617497843, 0.9544533808779383
985, 1.743052073781706, 0.993066378866055
986, 0.3520647953170617, 1.1895403641358449
987, 0.02746013161477734, 1.8964870448048083
988, 0.9967949821109974, 0.3605426160605636
989, 0.6479932363699863, 0.41609488619095925
990, 0.46955702904353247, 1.763962675230199
991, 0.5198895195459172, 1.3091646281784253
992, 1.5641893328839702, 0.2792269007701127
993, 1.7163607411403765, 0.23784156193211503
994, 1.655499911031428, 1.5777523357513241
995, 1.815561668617378, 0.7850514050895718
996, 0.181563187070513, 1.9435874887505107
997, 1.898392655175567, 0.9348807296633823
998, 0.27414817500197075, 0.6114704575698726
999, 0.959707097271481, 1.2699376800170232
